ts,dpid,port_no,rx_bytes,tx_bytes,rx_pkts,tx_pkts,rx_dropped,tx_dropped,rx_errors,tx_errors,rx_bps,tx_bps,rx_pps,tx_pps,drop_ps,err_ps
1762448163.5204983,1,4294967294,0,0,0,0,0,0,0,0,0.0,0.0,0.0,0.0,0.0,0.0
1762448163.5204983,1,1,580,18038,6,199,0,0,0,0,4640000000.0,144304000000.0,6000000.0,199000000.0,0.0,0.0
1762448163.5204983,1,2,8360,9984,92,110,0,0,0,0,66880000000.0,79872000000.0,92000000.0,110000000.0,0.0,0.0
1762448163.5204983,1,3,9600,8012,106,88,0,0,0,0,76800000000.0,64096000000.0,106000000.0,88000000.0,0.0,0.0
1762448163.5204983,2,4294967294,0,0,0,0,0,0,0,0,0.0,0.0,0.0,0.0,0.0,0.0
1762448163.5204983,2,1,690,18062,7,199,0,0,0,0,5520000000.0,144496000000.0,7000000.0,199000000.0,0.0,0.0
1762448163.5204983,2,2,9984,8360,110,92,0,0,0,0,79872000000.0,66880000000.0,110000000.0,92000000.0,0.0,0.0
1762448163.5204983,2,3,7902,9424,87,104,0,0,0,0,63216000000.0,75392000000.0,87000000.0,104000000.0,0.0,0.0
1762448163.5204983,3,4294967294,0,0,0,0,0,0,0,0,0.0,0.0,0.0,0.0,0.0,0.0
1762448163.5204983,3,1,8012,9600,88,106,0,0,0,0,64096000000.0,76800000000.0,88000000.0,106000000.0,0.0,0.0
1762448163.5204983,3,2,9424,7902,104,87,0,0,0,0,75392000000.0,63216000000.0,104000000.0,87000000.0,0.0,0.0
1762448164.5251746,1,4294967294,0,0,0,0,0,0,0,0,0.0,0.0,0.0,0.0,0.0,0.0
1762448164.5251746,1,1,580,18038,6,199,0,0,0,0,0.0,0.0,0.0,0.0,0.0,0.0
1762448164.5251746,1,2,8360,9984,92,110,0,0,0,0,0.0,0.0,0.0,0.0,0.0,0.0
1762448164.5251746,1,3,9600,8012,106,88,0,0,0,0,0.0,0.0,0.0,0.0,0.0,0.0
1762448164.5251746,2,4294967294,0,0,0,0,0,0,0,0,0.0,0.0,0.0,0.0,0.0,0.0
1762448164.5251746,2,1,690,18062,7,199,0,0,0,0,0.0,0.0,0.0,0.0,0.0,0.0
1762448164.5251746,2,2,9984,8360,110,92,0,0,0,0,0.0,0.0,0.0,0.0,0.0,0.0
1762448164.5251746,2,3,7902,9424,87,104,0,0,0,0,0.0,0.0,0.0,0.0,0.0,0.0
1762448164.5251746,3,4294967294,0,0,0,0,0,0,0,0,0.0,0.0,0.0,0.0,0.0,0.0
1762448164.5251746,3,1,8012,9600,88,106,0,0,0,0,0.0,0.0,0.0,0.0,0.0,0.0
1762448164.5251746,3,2,9424,7902,104,87,0,0,0,0,0.0,0.0,0.0,0.0,0.0,0.0
1762448165.528878,1,4294967294,0,0,0,0,0,0,0,0,0.0,0.0,0.0,0.0,0.0,0.0
1762448165.528878,1,1,7046,420152,81,4852,0,0,0,0,51537.13963557259,3205042.586980921,74.72327313385293,4635.831865224235,0.0,0.0
1762448165.528878,1,2,208484,217048,2408,2506,0,0,0,0,1595084.8333481795,1650399.9816733997,2307.4546743733786,2387.159499049488,0.0,0.0
1762448165.528878,1,3,212896,214382,2458,2477,0,0,0,0,1620367.2037354414,1644868.4668408777,2343.321845477628,2380.1853268903287,0.0,0.0
1762448165.528878,3,4294967294,0,0,0,0,0,0,0,0,0.0,0.0,0.0,0.0,0.0,0.0
1762448165.528878,3,1,214382,212896,2477,2458,0,0,0,0,1644868.4668408777,1620367.2037354414,2380.1853268903287,2343.321845477628,0.0,0.0
1762448165.528878,3,2,214874,206776,2481,2388,0,0,0,0,1637535.6229706756,1585121.7302636658,2368.2296031889123,2292.5100197466077,0.0,0.0
1762448165.528878,2,4294967294,0,0,0,0,0,0,0,0,0.0,0.0,0.0,0.0,0.0,0.0
1762448165.528878,2,1,4748,417560,54,4822,0,0,0,0,32344.21785356535,3184191.8048456507,46.8265844972145,4605.942555970694,0.0,0.0
1762448165.528878,2,2,217048,208484,2506,2408,0,0,0,0,1650399.9816733997,1595084.8333481795,2387.159499049488,2307.4546743733786,0.0,0.0
1762448165.528878,2,3,206776,214874,2388,2481,0,0,0,0,1585121.7302636658,1637535.6229706756,2292.5100197466077,2368.2296031889123,0.0,0.0
1762448166.535528,1,4294967294,0,0,0,0,0,0,0,0,0.0,0.0,0.0,0.0,0.0,0.0
1762448166.535528,1,1,7046,420152,81,4852,0,0,0,0,0.0,0.0,0.0,0.0,0.0,0.0
1762448166.535528,1,2,208484,217048,2408,2506,0,0,0,0,0.0,0.0,0.0,0.0,0.0,0.0
1762448166.535528,1,3,212896,214382,2458,2477,0,0,0,0,0.0,0.0,0.0,0.0,0.0,0.0
1762448166.535528,3,4294967294,0,0,0,0,0,0,0,0,0.0,0.0,0.0,0.0,0.0,0.0
1762448166.535528,3,1,214382,212896,2477,2458,0,0,0,0,0.0,0.0,0.0,0.0,0.0,0.0
1762448166.535528,3,2,214874,206776,2481,2388,0,0,0,0,0.0,0.0,0.0,0.0,0.0,0.0
1762448166.535528,2,4294967294,0,0,0,0,0,0,0,0,0.0,0.0,0.0,0.0,0.0,0.0
1762448166.535528,2,1,4748,417560,54,4822,0,0,0,0,0.0,0.0,0.0,0.0,0.0,0.0
1762448166.535528,2,2,217048,208484,2506,2408,0,0,0,0,0.0,0.0,0.0,0.0,0.0,0.0
1762448166.535528,2,3,206776,214874,2388,2481,0,0,0,0,0.0,0.0,0.0,0.0,0.0,0.0
1762448167.5429196,1,4294967294,0,0,0,0,0,0,0,0,0.0,0.0,0.0,0.0,0.0,0.0
1762448167.5429196,1,1,10350,938272,119,10868,0,0,0,0,26238.05638927538,4114546.5424973853,37.72117670976334,5971.857870682533,0.0,0.0
1762448167.5429196,1,2,473330,477496,5483,5530,0,0,0,0,2103221.635131364,2068295.7961483034,3052.437325855849,3001.811536061167,0.0,0.0
1762448167.5429196,1,3,471400,477758,5460,5535,0,0,0,0,2052857.9082485605,2091547.9236022376,2979.9729600713035,3035.562062590955,0.0,0.0
1762448167.5429196,3,4294967294,0,0,0,0,0,0,0,0,0.0,0.0,0.0,0.0,0.0,0.0
1762448167.5429196,3,1,477758,471400,5535,5460,0,0,0,0,2091547.9236022376,2052857.9082485605,3035.562062590955,2979.9729600713035,0.0,0.0
1762448167.5429196,3,2,477374,472016,5529,5468,0,0,0,0,2084591.3444869213,2106350.5074731847,3025.635437141017,3057.400638580818,0.0,0.0
1762448167.5429196,2,4294967294,0,0,0,0,0,0,0,0,0.0,0.0,0.0,0.0,0.0,0.0
1762448167.5429196,2,1,8040,938788,92,10874,0,0,0,0,26142.76078495598,4139228.1040161108,37.72117670976334,6007.593722302308,0.0,0.0
1762448167.5429196,2,2,477496,474018,5530,5491,0,0,0,0,2068295.7961483034,2108685.24977901,3001.811536061167,3060.378626215799,0.0,0.0
1762448167.5429196,2,3,472016,477374,5468,5529,0,0,0,0,2106350.5074731847,2084591.3444869213,3057.400638580818,3025.635437141017,0.0,0.0
1762448168.5491872,1,4294967294,0,0,0,0,0,0,0,0,0.0,0.0,0.0,0.0,0.0,0.0
1762448168.5491872,1,1,10350,938272,119,10868,0,0,0,0,0.0,0.0,0.0,0.0,0.0,0.0
1762448168.5491872,1,2,473330,477496,5483,5530,0,0,0,0,0.0,0.0,0.0,0.0,0.0,0.0
1762448168.5491872,1,3,471400,477758,5460,5535,0,0,0,0,0.0,0.0,0.0,0.0,0.0,0.0
1762448168.5491872,3,4294967294,0,0,0,0,0,0,0,0,0.0,0.0,0.0,0.0,0.0,0.0
1762448168.5491872,3,1,477758,471400,5535,5460,0,0,0,0,0.0,0.0,0.0,0.0,0.0,0.0
1762448168.5491872,3,2,477374,472016,5529,5468,0,0,0,0,0.0,0.0,0.0,0.0,0.0,0.0
1762448168.5491872,2,4294967294,0,0,0,0,0,0,0,0,0.0,0.0,0.0,0.0,0.0,0.0
1762448168.5491872,2,1,8040,938788,92,10874,0,0,0,0,0.0,0.0,0.0,0.0,0.0,0.0
1762448168.5491872,2,2,477496,474018,5530,5491,0,0,0,0,0.0,0.0,0.0,0.0,0.0,0.0
1762448168.5491872,2,3,472016,477374,5468,5529,0,0,0,0,0.0,0.0,0.0,0.0,0.0,0.0
1762448169.5528717,1,4294967294,0,0,0,0,0,0,0,0,0.0,0.0,0.0,0.0,0.0,0.0
1762448169.5528717,1,1,12852,1463014,148,16979,0,0,0,0,19942.521366786405,4182525.3985012914,28.893541148921148,6088.566550381281,0.0,0.0
1762448169.5528717,1,2,739010,741576,8577,8606,0,0,0,0,2117637.520674585,2104884.5094088544,3082.641941888346,3064.708019795912,0.0,0.0
1762448169.5528717,1,3,735100,743446,8532,8629,0,0,0,0,2101855.6692332434,2117701.2857309137,3060.7227037753714,3082.641941888346,0.0,0.0
1762448169.5528717,3,4294967294,0,0,0,0,0,0,0,0,0.0,0.0,0.0,0.0,0.0,0.0
1762448169.5528717,3,1,743446,735100,8629,8532,0,0,0,0,2117701.2857309137,2101855.6692332434,3082.641941888346,3060.7227037753714,0.0,0.0
1762448169.5528717,3,2,741914,736914,8611,8553,0,0,0,0,2108551.000147752,2111404.486418459,3070.6859938267235,3073.674980842129,0.0,0.0
1762448169.5528717,2,4294967294,0,0,0,0,0,0,0,0,0.0,0.0,0.0,0.0,0.0,0.0
1762448169.5528717,2,1,10542,1463622,121,16987,0,0,0,0,19942.521366786405,4183258.696649071,28.893541148921148,6090.559208391552,0.0,0.0
1762448169.5528717,2,2,741576,739010,8606,8577,0,0,0,0,2104884.5094088544,2112153.7258303207,3064.708019795912,3074.671309847264,0.0,0.0
1762448169.5528717,2,3,736914,741914,8553,8611,0,0,0,0,2111404.486418459,2108551.000147752,3073.674980842129,3070.6859938267235,0.0,0.0
1762448170.559954,1,4294967294,0,0,0,0,0,0,0,0,0.0,0.0,0.0,0.0,0.0,0.0
1762448170.559954,1,1,12852,1463014,148,16979,0,0,0,0,0.0,0.0,0.0,0.0,0.0,0.0
1762448170.559954,1,2,739010,741576,8577,8606,0,0,0,0,0.0,0.0,0.0,0.0,0.0,0.0
1762448170.559954,1,3,735100,743446,8532,8629,0,0,0,0,0.0,0.0,0.0,0.0,0.0,0.0
1762448170.559954,3,4294967294,0,0,0,0,0,0,0,0,0.0,0.0,0.0,0.0,0.0,0.0
1762448170.559954,3,1,743446,735100,8629,8532,0,0,0,0,0.0,0.0,0.0,0.0,0.0,0.0
1762448170.559954,3,2,741914,736914,8611,8553,0,0,0,0,0.0,0.0,0.0,0.0,0.0,0.0
1762448170.559954,2,4294967294,0,0,0,0,0,0,0,0,0.0,0.0,0.0,0.0,0.0,0.0
1762448170.559954,2,1,10542,1463622,121,16987,0,0,0,0,0.0,0.0,0.0,0.0,0.0,0.0
1762448170.559954,2,2,741576,739010,8606,8577,0,0,0,0,0.0,0.0,0.0,0.0,0.0,0.0
1762448170.559954,2,3,736914,741914,8553,8611,0,0,0,0,0.0,0.0,0.0,0.0,0.0,0.0
1762448171.5648866,1,4294967294,0,0,0,0,0,0,0,0,0.0,0.0,0.0,0.0,0.0,0.0
1762448171.5648866,1,1,14940,1985768,172,23072,0,0,0,0,16622.0095777146,4161504.7867761585,23.882197669130175,6063.092933250423,0.0,0.0
1762448171.5648866,1,2,1001888,1002736,11640,11650,0,0,0,0,2092701.4529552006,2079024.9144233454,3047.9654775227386,3029.058737701344,0.0,0.0
1762448171.5648866,1,3,992484,1008894,11532,11723,0,0,0,0,2048965.188290467,2113160.535625089,2985.274708641272,3078.813316178698,0.0,0.0
1762448171.5648866,3,4294967294,0,0,0,0,0,0,0,0,0.0,0.0,0.0,0.0,0.0,0.0
1762448171.5648866,3,1,1008894,992484,11723,11532,0,0,0,0,2113160.535625089,2048965.188290467,3078.813316178698,2985.274708641272,0.0,0.0
1762448171.5648866,3,2,1002432,998998,11648,11609,0,0,0,0,2073914.1241221516,2086380.6313054375,3022.093096714514,3040.999836535909,0.0,0.0
1762448171.5648866,2,4294967294,0,0,0,0,0,0,0,0,0.0,0.0,0.0,0.0,0.0,0.0
1762448171.5648866,2,1,12544,1983234,144,23043,0,0,0,0,15937.386577866202,4136492.1650840226,22.887106099583082,6026.274545177181,0.0,0.0
1762448171.5648866,2,2,1002736,1001888,11650,11640,0,0,0,0,2079024.9144233454,2092701.4529552006,3029.058737701344,3047.9654775227386,0.0,0.0
1762448171.5648866,2,3,998998,1002432,11609,11648,0,0,0,0,2086380.6313054375,2073914.1241221516,3040.999836535909,3022.093096714514,0.0,0.0
1762448172.5699885,1,4294967294,0,0,0,0,0,0,0,0,0.0,0.0,0.0,0.0,0.0,0.0
1762448172.5699885,1,1,14940,1985768,172,23072,0,0,0,0,0.0,0.0,0.0,0.0,0.0,0.0
1762448172.5699885,1,2,1001888,1002736,11640,11650,0,0,0,0,0.0,0.0,0.0,0.0,0.0,0.0
1762448172.5699885,1,3,992484,1008894,11532,11723,0,0,0,0,0.0,0.0,0.0,0.0,0.0,0.0
1762448172.5699885,3,4294967294,0,0,0,0,0,0,0,0,0.0,0.0,0.0,0.0,0.0,0.0
1762448172.5699885,3,1,1008894,992484,11723,11532,0,0,0,0,0.0,0.0,0.0,0.0,0.0,0.0
1762448172.5699885,3,2,1002432,998998,11648,11609,0,0,0,0,0.0,0.0,0.0,0.0,0.0,0.0
1762448172.5699885,2,4294967294,0,0,0,0,0,0,0,0,0.0,0.0,0.0,0.0,0.0,0.0
1762448172.5699885,2,1,12544,1983234,144,23043,0,0,0,0,0.0,0.0,0.0,0.0,0.0,0.0
1762448172.5699885,2,2,1002736,1001888,11650,11640,0,0,0,0,0.0,0.0,0.0,0.0,0.0,0.0
1762448172.5699885,2,3,998998,1002432,11609,11648,0,0,0,0,0.0,0.0,0.0,0.0,0.0,0.0
1762448173.573991,1,4294967294,0,0,0,0,0,0,0,0,0.0,0.0,0.0,0.0,0.0,0.0
1762448173.573991,1,1,16684,2514382,192,29233,0,0,0,0,13896.378755914144,4212052.958531422,19.92026771203289,6136.438468691731,0.0,0.0
1762448173.573991,1,2,1268952,1267260,14752,14732,0,0,0,0,2127994.5504985405,2107755.558503115,3099.5936559923175,3069.713254424268,0.0,0.0
1762448173.573991,1,3,1256952,1275796,14614,14834,0,0,0,0,2107309.3445063657,2126703.717150801,3069.713254424268,3098.597642606716,0.0,0.0
1762448173.573991,3,4294967294,0,0,0,0,0,0,0,0,0.0,0.0,0.0,0.0,0.0,0.0
1762448173.573991,3,1,1275796,1256952,14834,14614,0,0,0,0,2126703.717150801,2107309.3445063657,3098.597642606716,3069.713254424268,0.0,0.0
1762448173.573991,3,2,1268140,1265650,14744,14715,0,0,0,0,2117189.797291534,2124711.6903795977,3083.657441822691,3093.6175756787075,0.0,0.0
1762448173.573991,2,4294967294,0,0,0,0,0,0,0,0,0.0,0.0,0.0,0.0,0.0,0.0
1762448173.573991,2,1,14460,2512926,166,29215,0,0,0,0,15266.893174502005,4220642.57796885,21.912294483236177,6147.394615933349,0.0,0.0
1762448173.573991,2,2,1267260,1268952,14732,14752,0,0,0,0,2107755.558503115,2127994.5504985405,3069.713254424268,3099.5936559923175,0.0,0.0
1762448173.573991,2,3,1265650,1268140,14715,14744,0,0,0,0,2124711.6903795977,2117189.797291534,3093.6175756787075,3083.657441822691,0.0,0.0
1762448174.5778837,1,4294967294,0,0,0,0,0,0,0,0,0.0,0.0,0.0,0.0,0.0,0.0
1762448174.5778837,1,1,16684,2514382,192,29233,0,0,0,0,0.0,0.0,0.0,0.0,0.0,0.0
1762448174.5778837,1,2,1268952,1267260,14752,14732,0,0,0,0,0.0,0.0,0.0,0.0,0.0,0.0
1762448174.5778837,1,3,1256952,1275796,14614,14834,0,0,0,0,0.0,0.0,0.0,0.0,0.0,0.0
1762448174.5778837,3,4294967294,0,0,0,0,0,0,0,0,0.0,0.0,0.0,0.0,0.0,0.0
1762448174.5778837,3,1,1275796,1256952,14834,14614,0,0,0,0,0.0,0.0,0.0,0.0,0.0,0.0
1762448174.5778837,3,2,1268140,1265650,14744,14715,0,0,0,0,0.0,0.0,0.0,0.0,0.0,0.0
1762448174.5778837,2,4294967294,0,0,0,0,0,0,0,0,0.0,0.0,0.0,0.0,0.0,0.0
1762448174.5778837,2,1,14460,2512926,166,29215,0,0,0,0,0.0,0.0,0.0,0.0,0.0,0.0
1762448174.5778837,2,2,1267260,1268952,14732,14752,0,0,0,0,0.0,0.0,0.0,0.0,0.0,0.0
1762448174.5778837,2,3,1265650,1268140,14715,14744,0,0,0,0,0.0,0.0,0.0,0.0,0.0,0.0
1762448175.583911,1,4294967294,0,0,0,0,0,0,0,0,0.0,0.0,0.0,0.0,0.0,0.0
1762448175.583911,1,1,18428,3044692,212,35410,0,0,0,0,13868.412006491635,4217062.827501479,19.88017776159925,6139.992901669928,0.0,0.0
1762448175.583911,1,2,1537550,1532808,17881,17826,0,0,0,0,2135910.394564014,2111656.5776948626,3110.253810802202,3075.4634997194034,0.0,0.0
1762448175.583911,1,3,1522200,1544196,17704,17960,0,0,0,0,2109270.9563634708,2134335.884485295,3071.4874641670835,3107.2717841379626,0.0,0.0
1762448175.583911,3,4294967294,0,0,0,0,0,0,0,0,0.0,0.0,0.0,0.0,0.0,0.0
1762448175.583911,3,1,1544196,1522200,17960,17704,0,0,0,0,2134335.884485295,2109270.9563634708,3107.2717841379626,3071.4874641670835,0.0,0.0
1762448175.583911,3,2,1533692,1532824,17838,17828,0,0,0,0,2111688.3859792813,2124586.645311007,3075.4634997194034,3094.349668592923,0.0,0.0
1762448175.583911,2,4294967294,0,0,0,0,0,0,0,0,0.0,0.0,0.0,0.0,0.0,0.0
1762448175.583911,2,1,16032,3043976,184,35402,0,0,0,0,12500.655776493608,4222947.3601189125,17.892159985439324,6149.9329905507275,0.0,0.0
1762448175.583911,2,2,1532906,1537550,17827,17881,0,0,0,0,2112435.8806631174,2135910.394564014,3076.4575086074838,3110.253810802202,0.0,0.0
1762448175.583911,2,3,1532824,1533692,17828,17838,0,0,0,0,2124586.645311007,2111688.3859792813,3094.349668592923,3075.4634997194034,0.0,0.0
1762448176.5901833,1,4294967294,0,0,0,0,0,0,0,0,0.0,0.0,0.0,0.0,0.0,0.0
1762448176.5901833,1,1,18428,3044692,212,35410,0,0,0,0,0.0,0.0,0.0,0.0,0.0,0.0
1762448176.5901833,1,2,1537550,1532808,17881,17826,0,0,0,0,0.0,0.0,0.0,0.0,0.0,0.0
1762448176.5901833,1,3,1522200,1544196,17704,17960,0,0,0,0,0.0,0.0,0.0,0.0,0.0,0.0
1762448176.5901833,3,4294967294,0,0,0,0,0,0,0,0,0.0,0.0,0.0,0.0,0.0,0.0
1762448176.5901833,3,1,1544196,1522200,17960,17704,0,0,0,0,0.0,0.0,0.0,0.0,0.0,0.0
1762448176.5901833,3,2,1533692,1532824,17838,17828,0,0,0,0,0.0,0.0,0.0,0.0,0.0,0.0
1762448176.5901833,2,4294967294,0,0,0,0,0,0,0,0,0.0,0.0,0.0,0.0,0.0,0.0
1762448176.5901833,2,1,16032,3043976,184,35402,0,0,0,0,0.0,0.0,0.0,0.0,0.0,0.0
1762448176.5901833,2,2,1532906,1537550,17827,17881,0,0,0,0,0.0,0.0,0.0,0.0,0.0,0.0
1762448176.5901833,2,3,1532824,1533692,17828,17838,0,0,0,0,0.0,0.0,0.0,0.0,0.0,0.0
1762448177.596704,1,4294967294,0,0,0,0,0,0,0,0,0.0,0.0,0.0,0.0,0.0,0.0
1762448177.596704,1,1,20070,3574512,231,41590,0,0,0,0,13050.898378692333,4211100.474420689,18.87690843446668,6139.962848684426,0.0,0.0
1762448177.596704,1,2,1803694,1797794,20985,20917,0,0,0,0,2115358.2814242947,2106154.2982802475,3083.8907252939252,3070.9749458387637,0.0,0.0
1762448177.596704,1,3,1786610,1811308,20789,21076,0,0,0,0,2101576.151224141,2123052.111893585,3065.0138168594585,3095.8129832525356,0.0,0.0
1762448177.596704,3,4294967294,0,0,0,0,0,0,0,0,0.0,0.0,0.0,0.0,0.0,0.0
1762448177.596704,3,1,1811308,1786610,21076,20789,0,0,0,0,2123052.111893585,2101576.151224141,3095.8129832525356,3065.0138168594585,0.0,0.0
1762448177.596704,3,2,1799362,1798590,20937,20929,0,0,0,0,2111590.8479093737,2112353.872418725,3078.923117811171,3080.9101608042724,0.0,0.0
1762448177.596704,2,4294967294,0,0,0,0,0,0,0,0,0.0,0.0,0.0,0.0,0.0,0.0
1762448177.596704,2,1,17674,3572946,203,41571,0,0,0,0,13050.898378692333,4204344.528244143,18.87690843446668,6129.034112222366,0.0,0.0
1762448177.596704,2,2,1797794,1803694,20917,20985,0,0,0,0,2105375.3774269517,2115358.2814242947,3069.981424342213,3083.8907252939252,0.0,0.0
1762448177.596704,2,3,1798590,1799362,20929,20937,0,0,0,0,2112353.872418725,2111590.8479093737,3080.9101608042724,3078.923117811171,0.0,0.0
1762448178.604055,1,4294967294,0,0,0,0,0,0,0,0,0.0,0.0,0.0,0.0,0.0,0.0
1762448178.604055,1,1,20070,3574512,231,41590,0,0,0,0,0.0,0.0,0.0,0.0,0.0,0.0
1762448178.604055,1,2,1803694,1797794,20985,20917,0,0,0,0,0.0,0.0,0.0,0.0,0.0,0.0
1762448178.604055,1,3,1786610,1811308,20789,21076,0,0,0,0,0.0,0.0,0.0,0.0,0.0,0.0
1762448178.604055,3,4294967294,0,0,0,0,0,0,0,0,0.0,0.0,0.0,0.0,0.0,0.0
1762448178.604055,3,1,1811308,1786610,21076,20789,0,0,0,0,0.0,0.0,0.0,0.0,0.0,0.0
1762448178.604055,3,2,1799362,1798590,20937,20929,0,0,0,0,0.0,0.0,0.0,0.0,0.0,0.0
1762448178.604055,2,4294967294,0,0,0,0,0,0,0,0,0.0,0.0,0.0,0.0,0.0,0.0
1762448178.604055,2,1,17674,3572946,203,41571,0,0,0,0,0.0,0.0,0.0,0.0,0.0,0.0
1762448178.604055,2,2,1797794,1803694,20917,20985,0,0,0,0,0.0,0.0,0.0,0.0,0.0,0.0
1762448178.604055,2,3,1798590,1799362,20929,20937,0,0,0,0,0.0,0.0,0.0,0.0,0.0,0.0
1762448179.6116498,1,4294967294,0,0,0,0,0,0,0,0,0.0,0.0,0.0,0.0,0.0,0.0
1762448179.6116498,1,1,21470,4102648,247,47754,0,0,0,0,11115.579134623189,4193241.0727452515,15.879398763747412,6117.538373733691,0.0,0.0
1762448179.6116498,1,2,2067754,2062578,24067,24007,0,0,0,0,2096557.018777571,2102305.3611300476,3058.7691868668453,3066.708886248719,0.0,0.0
1762448179.6116498,1,3,2048028,2077412,23840,24182,0,0,0,0,2075580.3330106605,2112785.7643141206,3028.0028517620844,3082.5882850124663,0.0,0.0
1762448179.6116498,3,4294967294,0,0,0,0,0,0,0,0,0.0,0.0,0.0,0.0,0.0,0.0
1762448179.6116498,3,1,2077412,2048028,24182,23840,0,0,0,0,2112785.7643141206,2075580.3330106605,3082.5882850124663,3028.0028517620844,0.0,0.0
1762448179.6116498,3,2,2062546,2062874,24009,24013,0,0,0,0,2089601.8421190495,2098335.5114391106,3048.8445626395032,3060.7541117123137,0.0,0.0
1762448179.6116498,2,4294967294,0,0,0,0,0,0,0,0,0.0,0.0,0.0,0.0,0.0,0.0
1762448179.6116498,2,1,19074,4097574,219,47695,0,0,0,0,11115.579134623189,4165388.6073136386,15.879398763747412,6077.839876824322,0.0,0.0
1762448179.6116498,2,2,2062578,2067754,24007,24067,0,0,0,0,2102305.3611300476,2096557.018777571,3066.708886248719,3058.7691868668453,0.0,0.0
1762448179.6116498,2,3,2062874,2062546,24013,24009,0,0,0,0,2098335.5114391106,2089601.8421190495,3060.7541117123137,3048.8445626395032,0.0,0.0
1762448180.6185908,1,4294967294,0,0,0,0,0,0,0,0,0.0,0.0,0.0,0.0,0.0,0.0
1762448180.6185908,1,1,21470,4102648,247,47754,0,0,0,0,0.0,0.0,0.0,0.0,0.0,0.0
1762448180.6185908,1,2,2067754,2062578,24067,24007,0,0,0,0,0.0,0.0,0.0,0.0,0.0,0.0
1762448180.6185908,1,3,2048028,2077412,23840,24182,0,0,0,0,0.0,0.0,0.0,0.0,0.0,0.0
1762448180.6185908,3,4294967294,0,0,0,0,0,0,0,0,0.0,0.0,0.0,0.0,0.0,0.0
1762448180.6185908,3,1,2077412,2048028,24182,23840,0,0,0,0,0.0,0.0,0.0,0.0,0.0,0.0
1762448180.6185908,3,2,2062546,2062874,24009,24013,0,0,0,0,0.0,0.0,0.0,0.0,0.0,0.0
1762448180.6185908,2,4294967294,0,0,0,0,0,0,0,0,0.0,0.0,0.0,0.0,0.0,0.0
1762448180.6185908,2,1,19074,4097574,219,47695,0,0,0,0,0.0,0.0,0.0,0.0,0.0,0.0
1762448180.6185908,2,2,2062578,2067754,24007,24067,0,0,0,0,0.0,0.0,0.0,0.0,0.0,0.0
1762448180.6185908,2,3,2062874,2062546,24013,24009,0,0,0,0,0.0,0.0,0.0,0.0,0.0,0.0
1762448181.6248841,1,4294967294,0,0,0,0,0,0,0,0,0.0,0.0,0.0,0.0,0.0,0.0
1762448181.6248841,1,1,22870,4625512,263,53856,0,0,0,0,11129.955884095056,4156752.323843912,15.899936977278651,6063.838464709645,0.0,0.0
1762448181.6248841,1,2,2329166,2324618,27117,27065,0,0,0,0,2078217.1625521833,2083209.7427630487,3030.925486293743,3038.875454782382,0.0,0.0
1762448181.6248841,1,3,2307836,2340914,26872,27257,0,0,0,0,2065465.4130964058,2094832.5966934394,3013.038057194304,3055.7691378207405,0.0,0.0
1762448181.6248841,3,4294967294,0,0,0,0,0,0,0,0,0.0,0.0,0.0,0.0,0.0,0.0
1762448181.6248841,3,1,2340914,2307836,27257,26872,0,0,0,0,2094832.5966934394,2065465.4130964058,3055.7691378207405,3013.038057194304,0.0,0.0
1762448181.6248841,3,2,2324520,2325036,27066,27072,0,0,0,0,2082685.0448427985,2084179.6389186627,3037.881708721302,3039.869200843462,0.0,0.0
1762448181.6248841,2,4294967294,0,0,0,0,0,0,0,0,0.0,0.0,0.0,0.0,0.0,0.0
1762448181.6248841,2,1,20474,4618756,235,53776,0,0,0,0,11129.955884095056,4143380.4768460207,15.899936977278651,6042.9697974269675,0.0,0.0
1762448181.6248841,2,2,2324618,2329166,27065,27117,0,0,0,0,2083209.7427630487,2078217.1625521833,3038.875454782382,3030.925486293743,0.0,0.0
1762448181.6248841,2,3,2325036,2324520,27072,27066,0,0,0,0,2084179.6389186627,2082685.0448427985,3039.869200843462,3037.881708721302,0.0,0.0
1762448182.6319582,1,4294967294,0,0,0,0,0,0,0,0,0.0,0.0,0.0,0.0,0.0,0.0
1762448182.6319582,1,1,22870,4625512,263,53856,0,0,0,0,0.0,0.0,0.0,0.0,0.0,0.0
1762448182.6319582,1,2,2329166,2324618,27117,27065,0,0,0,0,0.0,0.0,0.0,0.0,0.0,0.0
1762448182.6319582,1,3,2307836,2340914,26872,27257,0,0,0,0,0.0,0.0,0.0,0.0,0.0,0.0
1762448182.6319582,3,4294967294,0,0,0,0,0,0,0,0,0.0,0.0,0.0,0.0,0.0,0.0
1762448182.6319582,3,1,2340914,2307836,27257,26872,0,0,0,0,0.0,0.0,0.0,0.0,0.0,0.0
1762448182.6319582,3,2,2324520,2325036,27066,27072,0,0,0,0,0.0,0.0,0.0,0.0,0.0,0.0
1762448182.6319582,2,4294967294,0,0,0,0,0,0,0,0,0.0,0.0,0.0,0.0,0.0,0.0
1762448182.6319582,2,1,20474,4618756,235,53776,0,0,0,0,0.0,0.0,0.0,0.0,0.0,0.0
1762448182.6319582,2,2,2324618,2329166,27065,27117,0,0,0,0,0.0,0.0,0.0,0.0,0.0,0.0
1762448182.6319582,2,3,2325036,2324520,27072,27066,0,0,0,0,0.0,0.0,0.0,0.0,0.0,0.0
1762448183.6382704,1,4294967294,0,0,0,0,0,0,0,0,0.0,0.0,0.0,0.0,0.0,0.0
1762448183.6382704,1,1,24098,5143096,277,59894,0,0,0,0,9762.378578930571,4114699.4742648215,13.912184456945033,6000.126410788151,0.0,0.0
1762448183.6382704,1,2,2588558,2583784,30143,30088,0,0,0,0,2062119.6289462205,2060322.9696963523,3007.019297622548,3004.038115238917,0.0,0.0
1762448183.6382704,1,3,2564964,2601084,29872,30292,0,0,0,0,2044121.2371687787,2068304.5886647939,2981.1823836310787,3015.9628447734412,0.0,0.0
1762448183.6382704,3,4294967294,0,0,0,0,0,0,0,0,0.0,0.0,0.0,0.0,0.0,0.0
1762448183.6382704,3,1,2601084,2565824,30292,29882,0,0,0,0,2068304.5886647939,2050958.0821019057,3015.9628447734412,2991.119658243182,0.0,0.0
1762448183.6382704,3,2,2582688,2584106,30078,30095,0,0,0,0,2052389.0496460488,2059559.7870061428,2993.1071131656026,3004.038115238917,0.0,0.0
1762448183.6382704,2,4294967294,0,0,0,0,0,0,0,0,0.0,0.0,0.0,0.0,0.0,0.0
1762448183.6382704,2,1,21702,5134936,249,59798,0,0,0,0,9762.378578930571,4103537.927420507,13.912184456945033,5984.226771408785,0.0,0.0
1762448183.6382704,2,2,2583784,2589074,30088,30149,0,0,0,0,2060322.9696963523,2066221.7359060969,3004.038115238917,3012.98166238981,0.0,0.0
1762448183.6382704,2,3,2584106,2582688,30095,30078,0,0,0,0,2059559.7870061428,2052389.0496460488,3004.038115238917,2993.1071131656026,0.0,0.0
1762448184.6442418,1,4294967294,0,0,0,0,0,0,0,0,0.0,0.0,0.0,0.0,0.0,0.0
1762448184.6442418,1,1,24098,5143096,277,59894,0,0,0,0,0.0,0.0,0.0,0.0,0.0,0.0
1762448184.6442418,1,2,2588558,2583784,30143,30088,0,0,0,0,0.0,0.0,0.0,0.0,0.0,0.0
1762448184.6442418,1,3,2564964,2601084,29872,30292,0,0,0,0,0.0,0.0,0.0,0.0,0.0,0.0
1762448184.6442418,3,4294967294,0,0,0,0,0,0,0,0,0.0,0.0,0.0,0.0,0.0,0.0
1762448184.6442418,3,1,2601084,2565824,30292,29882,0,0,0,0,0.0,0.0,0.0,0.0,0.0,0.0
1762448184.6442418,3,2,2582688,2584106,30078,30095,0,0,0,0,0.0,0.0,0.0,0.0,0.0,0.0
1762448184.6442418,2,4294967294,0,0,0,0,0,0,0,0,0.0,0.0,0.0,0.0,0.0,0.0
1762448184.6442418,2,1,21702,5134936,249,59798,0,0,0,0,0.0,0.0,0.0,0.0,0.0,0.0
1762448184.6442418,2,2,2583784,2589074,30088,30149,0,0,0,0,0.0,0.0,0.0,0.0,0.0,0.0
1762448184.6442418,2,3,2584106,2582688,30095,30078,0,0,0,0,0.0,0.0,0.0,0.0,0.0,0.0
1762448185.6490374,1,4294967294,0,0,0,0,0,0,0,0,0.0,0.0,0.0,0.0,0.0,0.0
1762448185.6490374,1,1,25326,5675902,291,66109,0,0,0,0,9777.113351357175,4242104.768960269,13.933182707552977,6185.337894817268,0.0,0.0
1762448185.6490374,1,2,2855686,2850514,33259,33199,0,0,0,0,2126824.7030304065,2123655.8991917744,3101.128379766791,3096.152243085522,0.0,0.0
1762448185.6490374,1,3,2830892,2869134,32974,33419,0,0,0,0,2117270.52060237,2134165.4998626146,3087.195197059238,3112.0758804655825,0.0,0.0
1762448185.6490374,3,4294967294,0,0,0,0,0,0,0,0,0.0,0.0,0.0,0.0,0.0,0.0
1762448185.6490374,3,1,2869134,2830892,33419,32974,0,0,0,0,2134165.4998626146,2110423.3565289443,3112.0758804655825,3077.2429236967,0.0,0.0
1762448185.6490374,3,2,2849640,2851328,33192,33212,0,0,0,0,2125423.422940961,2127573.1139872693,3099.1379250942837,3102.123607103045,0.0,0.0
1762448185.6490374,2,4294967294,0,0,0,0,0,0,0,0,0.0,0.0,0.0,0.0,0.0,0.0
1762448185.6490374,2,1,23028,5666306,264,65997,0,0,0,0,10557.37158298014,4230671.5973213855,14.92841004380676,6169.414257437207,0.0,0.0
1762448185.6490374,2,2,2850514,2855686,33199,33259,0,0,0,0,2123655.8991917744,2122716.404586351,3096.152243085522,3095.1570157492683,0.0,0.0
1762448185.6490374,2,3,2851328,2849640,33212,33192,0,0,0,0,2127573.1139872693,2125423.422940961,3102.123607103045,3099.1379250942837,0.0,0.0
1762448186.6558762,1,4294967294,0,0,0,0,0,0,0,0,0.0,0.0,0.0,0.0,0.0,0.0
1762448186.6558762,1,1,25326,5675902,291,66109,0,0,0,0,0.0,0.0,0.0,0.0,0.0,0.0
1762448186.6558762,1,2,2855686,2850514,33259,33199,0,0,0,0,0.0,0.0,0.0,0.0,0.0,0.0
1762448186.6558762,1,3,2830892,2869134,32974,33419,0,0,0,0,0.0,0.0,0.0,0.0,0.0,0.0
1762448186.6558762,3,4294967294,0,0,0,0,0,0,0,0,0.0,0.0,0.0,0.0,0.0,0.0
1762448186.6558762,3,1,2869134,2830892,33419,32974,0,0,0,0,0.0,0.0,0.0,0.0,0.0,0.0
1762448186.6558762,3,2,2849640,2851328,33192,33212,0,0,0,0,0.0,0.0,0.0,0.0,0.0,0.0
1762448186.6558762,2,4294967294,0,0,0,0,0,0,0,0,0.0,0.0,0.0,0.0,0.0,0.0
1762448186.6558762,2,1,23028,5666306,264,65997,0,0,0,0,0.0,0.0,0.0,0.0,0.0,0.0
1762448186.6558762,2,2,2850514,2855686,33199,33259,0,0,0,0,0.0,0.0,0.0,0.0,0.0,0.0
1762448186.6558762,2,3,2851328,2849640,33212,33192,0,0,0,0,0.0,0.0,0.0,0.0,0.0,0.0
1762448187.661259,1,4294967294,0,0,0,0,0,0,0,0,0.0,0.0,0.0,0.0,0.0,0.0
1762448187.661259,1,1,26554,6201916,305,72244,0,0,0,0,9771.402725379256,4185581.9488498727,13.925044600499753,6102.15347314757,0.0,0.0
1762448187.661259,1,2,3119176,3114062,36332,36273,0,0,0,0,2096634.2867346744,2097095.8024985765,3056.547289809696,3057.5419358525887,0.0,0.0
1762448187.661259,1,3,3093334,3134152,36035,36510,0,0,0,0,2088295.1743110607,2108792.8399629965,3044.6115372949816,3074.450918581767,0.0,0.0
1762448187.661259,3,4294967294,0,0,0,0,0,0,0,0,0.0,0.0,0.0,0.0,0.0,0.0
1762448187.661259,3,1,3134152,3093334,36510,36035,0,0,0,0,2108792.8399629965,2088295.1743110607,3074.450918581767,3044.6115372949816,0.0,0.0
1762448187.661259,3,2,3112746,3114300,36261,36280,0,0,0,0,2093578.7340909075,2092512.4735329263,3052.5687056381244,3051.5740595952316,0.0,0.0
1762448187.661259,2,4294967294,0,0,0,0,0,0,0,0,0.0,0.0,0.0,0.0,0.0,0.0
1762448187.661259,2,1,24256,6191054,278,72117,0,0,0,0,9771.402725379256,4175508.173727454,13.925044600499753,6087.233782504178,0.0,0.0
1762448187.661259,2,2,3114062,3119176,36273,36332,0,0,0,0,2097095.8024985765,2096634.2867346744,3057.5419358525887,3056.547289809696,0.0,0.0
1762448187.661259,2,3,3114300,3112746,36280,36261,0,0,0,0,2092512.4735329263,2093578.7340909075,3051.5740595952316,3052.5687056381244,0.0,0.0
1762448188.6659634,1,4294967294,0,0,0,0,0,0,0,0,0.0,0.0,0.0,0.0,0.0,0.0
1762448188.6659634,1,1,26554,6201916,305,72244,0,0,0,0,0.0,0.0,0.0,0.0,0.0,0.0
1762448188.6659634,1,2,3119176,3114062,36332,36273,0,0,0,0,0.0,0.0,0.0,0.0,0.0,0.0
1762448188.6659634,1,3,3093334,3134152,36035,36510,0,0,0,0,0.0,0.0,0.0,0.0,0.0,0.0
1762448188.6659634,3,4294967294,0,0,0,0,0,0,0,0,0.0,0.0,0.0,0.0,0.0,0.0
1762448188.6659634,3,1,3134152,3093334,36510,36035,0,0,0,0,0.0,0.0,0.0,0.0,0.0,0.0
1762448188.6659634,3,2,3112746,3114300,36261,36280,0,0,0,0,0.0,0.0,0.0,0.0,0.0,0.0
1762448188.6659634,2,4294967294,0,0,0,0,0,0,0,0,0.0,0.0,0.0,0.0,0.0,0.0
1762448188.6659634,2,1,24256,6191054,278,72117,0,0,0,0,0.0,0.0,0.0,0.0,0.0,0.0
1762448188.6659634,2,2,3114062,3119176,36273,36332,0,0,0,0,0.0,0.0,0.0,0.0,0.0,0.0
1762448188.6659634,2,3,3114300,3112746,36280,36261,0,0,0,0,0.0,0.0,0.0,0.0,0.0,0.0
1762448189.6719265,1,4294967294,0,0,0,0,0,0,0,0,0.0,0.0,0.0,0.0,0.0,0.0
1762448189.6719265,1,1,27696,6733626,318,78445,0,0,0,0,9081.84417233603,4228465.293233617,12.922939387080604,6164.242087637448,0.0,0.0
1762448189.6719265,1,2,3385078,3380184,39433,39376,0,0,0,0,2114606.4177867733,2116355.984965332,3082.6180799489966,3084.6062244700856,0.0,0.0
1762448189.6719265,1,3,3358142,3400944,39123,39622,0,0,0,0,2105906.2973624864,2121684.2122818516,3069.6951405619157,3093.5528748149877,0.0,0.0
1762448189.6719265,3,4294967294,0,0,0,0,0,0,0,0,0.0,0.0,0.0,0.0,0.0,0.0
1762448189.6719265,3,1,3400944,3358142,39622,39123,0,0,0,0,2121684.2122818516,2105906.2973624864,3093.5528748149877,3069.6951405619157,0.0,0.0
1762448189.6719265,3,2,3378394,3380634,39359,39385,0,0,0,0,2112586.462953347,2118041.931519216,3079.6358631673625,3086.594368991175,0.0,0.0
1762448189.6719265,2,4294967294,0,0,0,0,0,0,0,0,0.0,0.0,0.0,0.0,0.0,0.0
1762448189.6719265,2,1,25398,6721314,291,78301,0,0,0,0,9081.84417233603,4216934.055011299,12.922939387080604,6147.342859208189,0.0,0.0
1762448189.6719265,2,2,3380184,3385766,39376,39441,0,0,0,0,2116355.984965332,2120077.791508811,3084.6062244700856,3090.5706580333535,0.0,0.0
1762448189.6719265,2,3,3380634,3378394,39385,39359,0,0,0,0,2118041.931519216,2112586.462953347,3086.594368991175,3079.6358631673625,0.0,0.0
1762448190.6796262,1,4294967294,0,0,0,0,0,0,0,0,0.0,0.0,0.0,0.0,0.0,0.0
1762448190.6796262,1,1,27696,6733626,318,78445,0,0,0,0,0.0,0.0,0.0,0.0,0.0,0.0
1762448190.6796262,1,2,3385078,3380184,39433,39376,0,0,0,0,0.0,0.0,0.0,0.0,0.0,0.0
1762448190.6796262,1,3,3358142,3400944,39123,39622,0,0,0,0,0.0,0.0,0.0,0.0,0.0,0.0
1762448190.6796262,3,4294967294,0,0,0,0,0,0,0,0,0.0,0.0,0.0,0.0,0.0,0.0
1762448190.6796262,3,1,3400944,3358142,39622,39123,0,0,0,0,0.0,0.0,0.0,0.0,0.0,0.0
1762448190.6796262,3,2,3378394,3380634,39359,39385,0,0,0,0,0.0,0.0,0.0,0.0,0.0,0.0
1762448190.6796262,2,4294967294,0,0,0,0,0,0,0,0,0.0,0.0,0.0,0.0,0.0,0.0
1762448190.6796262,2,1,25398,6721314,291,78301,0,0,0,0,0.0,0.0,0.0,0.0,0.0,0.0
1762448190.6796262,2,2,3380184,3385766,39376,39441,0,0,0,0,0.0,0.0,0.0,0.0,0.0,0.0
1762448190.6796262,2,3,3380634,3378394,39385,39359,0,0,0,0,0.0,0.0,0.0,0.0,0.0,0.0
1762448191.685036,1,4294967294,0,0,0,0,0,0,0,0,0.0,0.0,0.0,0.0,0.0,0.0
1762448191.685036,1,1,28838,7267908,331,84676,0,0,0,0,9086.842747227052,4251257.895511352,12.930052070266166,6197.473419217576,0.0,0.0
1762448191.685036,1,2,3652986,3648512,42557,42506,0,0,0,0,2131731.9323328417,2135073.8534833104,3107.1909744239615,3113.1586907640844,0.0,0.0
1762448191.685036,1,3,3624570,3669806,42231,42757,0,0,0,0,2119955.6387549993,2139322.8675174783,3091.277064183634,3118.131787714187,0.0,0.0
1762448191.685036,3,4294967294,0,0,0,0,0,0,0,0,0.0,0.0,0.0,0.0,0.0,0.0
1762448191.685036,3,1,3669806,3624570,42757,42231,0,0,0,0,2139322.8675174783,2119955.6387549993,3118.131787714187,3091.277064183634,0.0,0.0
1762448191.685036,3,2,3646438,3647898,42485,42503,0,0,0,0,2132814.0782291843,2126607.6532354564,3109.1802132040025,3101.223258083839,0.0,0.0
1762448191.685036,2,4294967294,0,0,0,0,0,0,0,0,0.0,0.0,0.0,0.0,0.0,0.0
1762448191.685036,2,1,26540,7254326,304,84517,0,0,0,0,9086.842747227052,4241152.562508744,12.930052070266166,6182.554128367268,0.0,0.0
1762448191.685036,2,2,3648512,3652986,42506,42557,0,0,0,0,2135073.8534833104,2126257.547210169,3113.1586907640844,3099.234019303798,0.0,0.0
1762448191.685036,2,3,3647898,3646438,42503,42485,0,0,0,0,2126607.6532354564,2132814.0782291843,3101.223258083839,3109.1802132040025,0.0,0.0
1762448192.692274,1,4294967294,0,0,0,0,0,0,0,0,0.0,0.0,0.0,0.0,0.0,0.0
1762448192.692274,1,1,28838,7267908,331,84676,0,0,0,0,0.0,0.0,0.0,0.0,0.0,0.0
1762448192.692274,1,2,3652986,3648512,42557,42506,0,0,0,0,0.0,0.0,0.0,0.0,0.0,0.0
1762448192.692274,1,3,3624570,3669806,42231,42757,0,0,0,0,0.0,0.0,0.0,0.0,0.0,0.0
1762448192.692274,3,4294967294,0,0,0,0,0,0,0,0,0.0,0.0,0.0,0.0,0.0,0.0
1762448192.692274,3,1,3669806,3624570,42757,42231,0,0,0,0,0.0,0.0,0.0,0.0,0.0,0.0
1762448192.692274,3,2,3646438,3647898,42485,42503,0,0,0,0,0.0,0.0,0.0,0.0,0.0,0.0
1762448192.692274,2,4294967294,0,0,0,0,0,0,0,0,0.0,0.0,0.0,0.0,0.0,0.0
1762448192.692274,2,1,26540,7254326,304,84517,0,0,0,0,0.0,0.0,0.0,0.0,0.0,0.0
1762448192.692274,2,2,3648512,3652986,42506,42557,0,0,0,0,0.0,0.0,0.0,0.0,0.0,0.0
1762448192.692274,2,3,3647898,3646438,42503,42485,0,0,0,0,0.0,0.0,0.0,0.0,0.0,0.0
1762448193.6988804,1,4294967294,0,0,0,0,0,0,0,0,0.0,0.0,0.0,0.0,0.0,0.0
1762448193.6988804,1,1,29964,7800766,344,90893,0,0,0,0,8948.88064816475,4234886.895577063,12.914681219598329,6176.197934018678,0.0,0.0
1762448193.6988804,1,2,3919066,3915158,45661,45617,0,0,0,0,2114669.771637368,2119168.054449856,3083.628500433324,3090.5825595515694,0.0,0.0
1762448193.6988804,1,3,3890144,3937272,45330,45878,0,0,0,0,2110648.338592989,2125685.0012806687,3078.6613153488634,3100.516929720491,0.0,0.0
1762448193.6988804,3,4294967294,0,0,0,0,0,0,0,0,0.0,0.0,0.0,0.0,0.0,0.0
1762448193.6988804,3,1,3937272,3890144,45878,45330,0,0,0,0,2125685.0012806687,2110648.338592989,3100.516929720491,3078.6613153488634,0.0,0.0
1762448193.6988804,3,2,3912754,3914494,45593,45613,0,0,0,0,2116545.380725261,2118770.679643099,3087.602248500893,3089.5891225346772,0.0,0.0
1762448193.6988804,2,4294967294,0,0,0,0,0,0,0,0,0.0,0.0,0.0,0.0,0.0,0.0
1762448193.6988804,2,1,27666,7785668,317,90716,0,0,0,0,8948.88064816475,4222838.491436194,12.914681219598329,6158.316067714619,0.0,0.0
1762448193.6988804,2,2,3915158,3919754,45617,45669,0,0,0,0,2119168.054449856,2120137.648978343,3090.5825595515694,3091.5759965684615,0.0,0.0
1762448193.6988804,2,3,3914494,3912754,45613,45593,0,0,0,0,2118770.679643099,2116545.380725261,3089.5891225346772,3087.602248500893,0.0,0.0
1762448194.7061946,1,4294967294,0,0,0,0,0,0,0,0,0.0,0.0,0.0,0.0,0.0,0.0
1762448194.7061946,1,1,29964,7800766,344,90893,0,0,0,0,0.0,0.0,0.0,0.0,0.0,0.0
1762448194.7061946,1,2,3919066,3915158,45661,45617,0,0,0,0,0.0,0.0,0.0,0.0,0.0,0.0
1762448194.7061946,1,3,3890144,3937272,45330,45878,0,0,0,0,0.0,0.0,0.0,0.0,0.0,0.0
1762448194.7061946,3,4294967294,0,0,0,0,0,0,0,0,0.0,0.0,0.0,0.0,0.0,0.0
1762448194.7061946,3,1,3937272,3890144,45878,45330,0,0,0,0,0.0,0.0,0.0,0.0,0.0,0.0
1762448194.7061946,3,2,3912754,3914494,45593,45613,0,0,0,0,0.0,0.0,0.0,0.0,0.0,0.0
1762448194.7061946,2,4294967294,0,0,0,0,0,0,0,0,0.0,0.0,0.0,0.0,0.0,0.0
1762448194.7061946,2,1,27666,7785668,317,90716,0,0,0,0,0.0,0.0,0.0,0.0,0.0,0.0
1762448194.7061946,2,2,3915158,3919754,45617,45669,0,0,0,0,0.0,0.0,0.0,0.0,0.0,0.0
1762448194.7061946,2,3,3914494,3912754,45613,45593,0,0,0,0,0.0,0.0,0.0,0.0,0.0,0.0
1762448195.7135997,1,4294967294,0,0,0,0,0,0,0,0,0.0,0.0,0.0,0.0,0.0,0.0
1762448195.7135997,1,1,31020,8331936,356,97094,0,0,0,0,8385.902037765749,4218124.607386395,11.911792667280894,6155.418860817402,0.0,0.0
1762448195.7135997,1,2,4185224,4181418,48768,48725,0,0,0,0,2113612.6084920987,2114422.610393474,3084.1616514368116,3085.1543008257518,0.0,0.0
1762448195.7135997,1,3,4154988,4203820,48422,48990,0,0,0,0,2103177.878115561,2116709.674585592,3069.2719106027102,3089.1248983815117,0.0,0.0
1762448195.7135997,3,4294967294,0,0,0,0,0,0,0,0,0.0,0.0,0.0,0.0,0.0,0.0
1762448195.7135997,3,1,4203820,4154988,48990,48422,0,0,0,0,2116709.674585592,2103177.878115561,3089.1248983815117,3069.2719106027102,0.0,0.0
1762448195.7135997,3,2,4178888,4180182,48700,48715,0,0,0,0,2113422.019809422,2109880.246789684,3084.1616514368116,3079.198404492111,0.0,0.0
1762448195.7135997,2,4294967294,0,0,0,0,0,0,0,0,0.0,0.0,0.0,0.0,0.0,0.0
1762448195.7135997,2,1,28722,8315536,329,96902,0,0,0,0,8385.902037765749,4207785.171351195,11.911792667280894,6140.529119983301,0.0,0.0
1762448195.7135997,2,2,4181418,4185224,48725,48768,0,0,0,0,2114422.610393474,2108149.0662553725,3085.1543008257518,3076.220456325291,0.0,0.0
1762448195.7135997,2,3,4180182,4178888,48715,48700,0,0,0,0,2109880.246789684,2113422.019809422,3079.198404492111,3084.1616514368116,0.0,0.0
1762448196.7204165,1,4294967294,0,0,0,0,0,0,0,0,0.0,0.0,0.0,0.0,0.0,0.0
1762448196.7204165,1,1,31020,8331936,356,97094,0,0,0,0,0.0,0.0,0.0,0.0,0.0,0.0
1762448196.7204165,1,2,4185224,4181418,48768,48725,0,0,0,0,0.0,0.0,0.0,0.0,0.0,0.0
1762448196.7204165,1,3,4154988,4203820,48422,48990,0,0,0,0,0.0,0.0,0.0,0.0,0.0,0.0
1762448196.7204165,3,4294967294,0,0,0,0,0,0,0,0,0.0,0.0,0.0,0.0,0.0,0.0
1762448196.7204165,3,1,4203820,4154988,48990,48422,0,0,0,0,0.0,0.0,0.0,0.0,0.0,0.0
1762448196.7204165,3,2,4178888,4180182,48700,48715,0,0,0,0,0.0,0.0,0.0,0.0,0.0,0.0
1762448196.7204165,2,4294967294,0,0,0,0,0,0,0,0,0.0,0.0,0.0,0.0,0.0,0.0
1762448196.7204165,2,1,28722,8315536,329,96902,0,0,0,0,0.0,0.0,0.0,0.0,0.0,0.0
1762448196.7204165,2,2,4181418,4185224,48725,48768,0,0,0,0,0.0,0.0,0.0,0.0,0.0,0.0
1762448196.7204165,2,3,4180182,4178888,48715,48700,0,0,0,0,0.0,0.0,0.0,0.0,0.0,0.0
1762448197.726879,1,4294967294,0,0,0,0,0,0,0,0,0.0,0.0,0.0,0.0,0.0,0.0
1762448197.726879,1,1,32076,8860686,368,103267,0,0,0,0,8393.75672719701,4202839.838546798,11.922949896586662,6133.364142635788,0.0,0.0
1762448197.726879,1,2,4450792,4446082,51868,51815,0,0,0,0,2110902.6387578174,2103717.0742868083,3080.095389951554,3070.1595983710654,0.0,0.0
1762448197.726879,1,3,4418472,4469712,51498,52094,0,0,0,0,2094337.6870348265,2113477.99593548,3056.249490158381,3084.06970658375,0.0,0.0
1762448197.726879,3,4294967294,0,0,0,0,0,0,0,0,0.0,0.0,0.0,0.0,0.0,0.0
1762448197.726879,3,1,4469712,4418472,52094,51498,0,0,0,0,2113477.99593548,2094337.6870348265,3084.06970658375,3056.249490158381,0.0,0.0
1762448197.726879,3,2,4443330,4445736,51787,51816,0,0,0,0,2101952.4777021133,2110791.357892116,3067.1788608969186,3081.088969109603,0.0,0.0
1762448197.726879,2,4294967294,0,0,0,0,0,0,0,0,0.0,0.0,0.0,0.0,0.0,0.0
1762448197.726879,2,1,29778,8844104,341,103072,0,0,0,0,8393.75672719701,4201393.187292679,11.922949896586662,6130.383405161641,0.0,0.0
1762448197.726879,2,2,4446082,4450792,51815,51868,0,0,0,0,2103717.0742868083,2110902.6387578174,3070.1595983710654,3080.095389951554,0.0,0.0
1762448197.726879,2,3,4445736,4443330,51816,51787,0,0,0,0,2110791.357892116,2101952.4777021133,3081.088969109603,3067.1788608969186,0.0,0.0
1762448198.7330182,1,4294967294,0,0,0,0,0,0,0,0,0.0,0.0,0.0,0.0,0.0,0.0
1762448198.7330182,1,1,32076,8860686,368,103267,0,0,0,0,0.0,0.0,0.0,0.0,0.0,0.0
1762448198.7330182,1,2,4450792,4446082,51868,51815,0,0,0,0,0.0,0.0,0.0,0.0,0.0,0.0
1762448198.7330182,1,3,4418472,4469712,51498,52094,0,0,0,0,0.0,0.0,0.0,0.0,0.0,0.0
1762448198.7330182,3,4294967294,0,0,0,0,0,0,0,0,0.0,0.0,0.0,0.0,0.0,0.0
1762448198.7330182,3,1,4469712,4418472,52094,51498,0,0,0,0,0.0,0.0,0.0,0.0,0.0,0.0
1762448198.7330182,3,2,4443330,4445736,51787,51816,0,0,0,0,0.0,0.0,0.0,0.0,0.0,0.0
1762448198.7330182,2,4294967294,0,0,0,0,0,0,0,0,0.0,0.0,0.0,0.0,0.0,0.0
1762448198.7330182,2,1,29778,8844104,341,103072,0,0,0,0,0.0,0.0,0.0,0.0,0.0,0.0
1762448198.7330182,2,2,4446082,4450792,51815,51868,0,0,0,0,0.0,0.0,0.0,0.0,0.0,0.0
1762448198.7330182,2,3,4445736,4443330,51816,51787,0,0,0,0,0.0,0.0,0.0,0.0,0.0,0.0
1762448199.7379487,1,4294967294,0,0,0,0,0,0,0,0,0.0,0.0,0.0,0.0,0.0,0.0
1762448199.7379487,1,1,33046,9394418,379,109497,0,0,0,0,7721.927067813306,4248906.78119395,10.946030637364222,6199.433715525373,0.0,0.0
1762448199.7379487,1,2,4717278,4713352,54979,54934,0,0,0,0,2121428.3057662854,2127669.5334169716,3095.736482985463,3103.69723253991,0.0,0.0
1762448199.7379487,1,3,4685632,4737722,54616,55223,0,0,0,0,2126793.8509659823,2133560.488087262,3102.702138845604,3113.6481694829686,0.0,0.0
1762448199.7379487,3,4294967294,0,0,0,0,0,0,0,0,0.0,0.0,0.0,0.0,0.0,0.0
1762448199.7379487,3,1,4737722,4685632,55223,54616,0,0,0,0,2133560.488087262,2126793.8509659823,3113.6481694829686,3102.702138845604,0.0,0.0
1762448199.7379487,3,2,4710410,4712030,54905,54923,0,0,0,0,2126156.9910016265,2119899.8418518314,3102.702138845604,3091.7561082082398,0.0,0.0
1762448199.7379487,2,4294967294,0,0,0,0,0,0,0,0,0.0,0.0,0.0,0.0,0.0,0.0
1762448199.7379487,2,1,30748,9376720,352,109290,0,0,0,0,7721.927067813306,4240022.584691187,10.946030637364222,6187.492591193703,0.0,0.0
1762448199.7379487,2,2,4713352,4717364,54934,54980,0,0,0,0,2127669.5334169716,2122112.9302279674,3103.69723253991,3096.731576679769,0.0,0.0
1762448199.7379487,2,3,4712030,4710410,54923,54905,0,0,0,0,2119899.8418518314,2126156.9910016265,3091.7561082082398,3102.702138845604,0.0,0.0
1762448200.7419834,1,4294967294,0,0,0,0,0,0,0,0,0.0,0.0,0.0,0.0,0.0,0.0
1762448200.7419834,1,1,33046,9394418,379,109497,0,0,0,0,0.0,0.0,0.0,0.0,0.0,0.0
1762448200.7419834,1,2,4717278,4713352,54979,54934,0,0,0,0,0.0,0.0,0.0,0.0,0.0,0.0
1762448200.7419834,1,3,4685632,4737722,54616,55223,0,0,0,0,0.0,0.0,0.0,0.0,0.0,0.0
1762448200.7419834,3,4294967294,0,0,0,0,0,0,0,0,0.0,0.0,0.0,0.0,0.0,0.0
1762448200.7419834,3,1,4737722,4685632,55223,54616,0,0,0,0,0.0,0.0,0.0,0.0,0.0,0.0
1762448200.7419834,3,2,4710410,4712030,54905,54923,0,0,0,0,0.0,0.0,0.0,0.0,0.0,0.0
1762448200.7419834,2,4294967294,0,0,0,0,0,0,0,0,0.0,0.0,0.0,0.0,0.0,0.0
1762448200.7419834,2,1,30748,9376720,352,109290,0,0,0,0,0.0,0.0,0.0,0.0,0.0,0.0
1762448200.7419834,2,2,4713352,4717364,54934,54980,0,0,0,0,0.0,0.0,0.0,0.0,0.0,0.0
1762448200.7419834,2,3,4712030,4710410,54923,54905,0,0,0,0,0.0,0.0,0.0,0.0,0.0,0.0
1762448201.747336,1,4294967294,0,0,0,0,0,0,0,0,0.0,0.0,0.0,0.0,0.0,0.0
1762448201.747336,1,1,34016,9929946,390,115747,0,0,0,0,7718.685756864166,4261414.789692735,10.941435995554874,6216.724997474361,0.0,0.0
1762448201.747336,1,2,4984990,4981860,58103,58068,0,0,0,0,2130293.609630536,2136627.7063959623,3107.3678227375844,3117.3145827335434,0.0,0.0
1762448201.747336,1,3,4951962,5006548,57725,58360,0,0,0,0,2119296.4717790033,2139158.1621389342,3092.447682743646,3120.298610732331,0.0,0.0
1762448201.747336,3,4294967294,0,0,0,0,0,0,0,0,0.0,0.0,0.0,0.0,0.0,0.0
1762448201.747336,3,1,5006548,4951962,58360,57725,0,0,0,0,2139158.1621389342,2119296.4717790033,3120.298610732331,3092.447682743646,0.0,0.0
1762448201.747336,3,2,4978602,4980342,58035,58055,0,0,0,0,2134113.165468984,2135068.054428596,3113.33587873516,3115.3252307343514,0.0,0.0
1762448201.747336,2,4294967294,0,0,0,0,0,0,0,0,0.0,0.0,0.0,0.0,0.0,0.0
1762448201.747336,2,1,31718,9910794,363,115523,0,0,0,0,7718.685756864166,4249844.718465435,10.941435995554874,6199.8155054812305,0.0,0.0
1762448201.747336,2,2,4981860,4985748,58068,58112,0,0,0,0,2136627.7063959623,2135640.9878043635,3117.3145827335434,3115.3252307343514,0.0,0.0
1762448201.747336,2,3,4980342,4978602,58055,58035,0,0,0,0,2135068.054428596,2134113.165468984,3115.3252307343514,3113.33587873516,0.0,0.0
1762448202.7534323,1,4294967294,0,0,0,0,0,0,0,0,0.0,0.0,0.0,0.0,0.0,0.0
1762448202.7534323,1,1,34016,9929946,390,115747,0,0,0,0,0.0,0.0,0.0,0.0,0.0,0.0
1762448202.7534323,1,2,4984990,4981860,58103,58068,0,0,0,0,0.0,0.0,0.0,0.0,0.0,0.0
1762448202.7534323,1,3,4951962,5006548,57725,58360,0,0,0,0,0.0,0.0,0.0,0.0,0.0,0.0
1762448202.7534323,3,4294967294,0,0,0,0,0,0,0,0,0.0,0.0,0.0,0.0,0.0,0.0
1762448202.7534323,3,1,5006548,4951962,58360,57725,0,0,0,0,0.0,0.0,0.0,0.0,0.0,0.0
1762448202.7534323,3,2,4978602,4980342,58035,58055,0,0,0,0,0.0,0.0,0.0,0.0,0.0,0.0
1762448202.7534323,2,4294967294,0,0,0,0,0,0,0,0,0.0,0.0,0.0,0.0,0.0,0.0
1762448202.7534323,2,1,31718,9910794,363,115523,0,0,0,0,0.0,0.0,0.0,0.0,0.0,0.0
1762448202.7534323,2,2,4981860,4985748,58068,58112,0,0,0,0,0.0,0.0,0.0,0.0,0.0,0.0
1762448202.7534323,2,3,4980342,4978602,58055,58035,0,0,0,0,0.0,0.0,0.0,0.0,0.0,0.0
1762448203.7590177,1,4294967294,0,0,0,0,0,0,0,0,0.0,0.0,0.0,0.0,0.0,0.0
1762448203.7590177,1,1,34986,10465862,401,122001,0,0,0,0,7716.897791727353,4263514.429846759,10.938901508891867,6219.262730600884,0.0,0.0
1762448203.7590177,1,2,5254234,5250640,61245,61204,0,0,0,0,2141988.0711709685,2138296.6891345135,3124.548049176204,3118.5813756258995,0.0,0.0
1762448203.7590177,1,3,5220018,5275048,60853,61494,0,0,0,0,2132536.8602672857,2136069.1310090665,3110.6258108921597,3116.5924844424644,0.0,0.0
1762448203.7590177,3,4294967294,0,0,0,0,0,0,0,0,0.0,0.0,0.0,0.0,0.0,0.0
1762448203.7590177,3,1,5275048,5220018,61494,60853,0,0,0,0,2136069.1310090665,2132536.8602672857,3116.5924844424644,3110.6258108921597,0.0,0.0
1762448203.7590177,3,2,5246930,5248480,61167,61184,0,0,0,0,2134700.773874863,2133189.2165754526,3114.6035932590294,3111.6202564838773,0.0,0.0
1762448203.7590177,2,4294967294,0,0,0,0,0,0,0,0,0.0,0.0,0.0,0.0,0.0,0.0
1762448203.7590177,2,1,32774,10446392,375,121774,0,0,0,0,8401.076358828954,4260984.560261429,11.933347100609309,6216.279393825733,0.0,0.0
1762448203.7590177,2,2,5250640,5254234,61204,61245,0,0,0,0,2138296.6891345135,2135957.753102794,3118.5813756258995,3115.598038850747,0.0,0.0
1762448203.7590177,2,3,5248480,5246930,61184,61167,0,0,0,0,2133189.2165754526,2134700.773874863,3111.6202564838773,3114.6035932590294,0.0,0.0
1762448204.764607,3,4294967294,0,0,0,0,0,0,0,0,0.0,0.0,0.0,0.0,0.0,0.0
1762448204.764607,3,1,5275048,5220018,61494,60853,0,0,0,0,0.0,0.0,0.0,0.0,0.0,0.0
1762448204.764607,3,2,5246930,5248480,61167,61184,0,0,0,0,0.0,0.0,0.0,0.0,0.0,0.0
1762448204.764607,2,4294967294,0,0,0,0,0,0,0,0,0.0,0.0,0.0,0.0,0.0,0.0
1762448204.764607,2,1,32774,10446392,375,121774,0,0,0,0,0.0,0.0,0.0,0.0,0.0,0.0
1762448204.764607,2,2,5250640,5254234,61204,61245,0,0,0,0,0.0,0.0,0.0,0.0,0.0,0.0
1762448204.764607,2,3,5248480,5246930,61184,61167,0,0,0,0,0.0,0.0,0.0,0.0,0.0,0.0
1762448204.764607,1,4294967294,0,0,0,0,0,0,0,0,0.0,0.0,0.0,0.0,0.0,0.0
1762448204.764607,1,1,35956,10999832,412,128232,0,0,0,0,7716.868517718109,4248016.785985503,10.938860012229277,6196.366976018239,0.0,0.0
1762448204.764607,1,2,5520172,5517820,64348,64322,0,0,0,0,2115678.9483143487,2125559.72223085,3085.75296526795,3100.6695925573536,0.0,0.0
1762448204.764607,1,3,5486588,5543472,63964,64626,0,0,0,0,2120706.846152697,2135456.4072164595,3093.7084998222986,3114.5917780274635,0.0,0.0
1762448205.771585,1,4294967294,0,0,0,0,0,0,0,0,0.0,0.0,0.0,0.0,0.0,0.0
1762448205.771585,1,1,35956,10999832,412,128232,0,0,0,0,0.0,0.0,0.0,0.0,0.0,0.0
1762448205.771585,1,2,5520172,5517820,64348,64322,0,0,0,0,0.0,0.0,0.0,0.0,0.0,0.0
1762448205.771585,1,3,5486588,5543472,63964,64626,0,0,0,0,0.0,0.0,0.0,0.0,0.0,0.0
1762448205.771585,2,4294967294,0,0,0,0,0,0,0,0,0.0,0.0,0.0,0.0,0.0,0.0
1762448205.771585,2,1,33658,10979308,385,127992,0,0,0,0,7022.993307086987,4233784.5036646705,9.93070320572255,6174.9112533182815,0.0,0.0
1762448205.771585,2,2,5517820,5520864,64322,64356,0,0,0,0,2122628.2260039607,2118258.7165934425,3096.393259544291,3089.441767300285,0.0,0.0
1762448205.771585,2,3,5515260,5514842,64298,64293,0,0,0,0,2119450.4009781294,2128443.6458012317,3092.420978262002,3104.337822108869,0.0,0.0
1762448205.771585,3,4294967294,0,0,0,0,0,0,0,0,0.0,0.0,0.0,0.0,0.0,0.0
1762448205.771585,3,1,5543472,5486588,64626,63964,0,0,0,0,2132511.261834296,2117782.042839568,3110.2962440323026,3089.441767300285,0.0,0.0
1762448205.771585,3,2,5514842,5515260,64293,64298,0,0,0,0,2128443.6458012317,2119450.4009781294,3104.337822108869,3092.420978262002,0.0,0.0
1762448206.7785385,2,4294967294,0,0,0,0,0,0,0,0,0.0,0.0,0.0,0.0,0.0,0.0
1762448206.7785385,2,1,33658,10979308,385,127992,0,0,0,0,0.0,0.0,0.0,0.0,0.0,0.0
1762448206.7785385,2,2,5517820,5520864,64322,64356,0,0,0,0,0.0,0.0,0.0,0.0,0.0,0.0
1762448206.7785385,2,3,5515260,5514842,64298,64293,0,0,0,0,0.0,0.0,0.0,0.0,0.0,0.0
1762448206.7785385,3,4294967294,0,0,0,0,0,0,0,0,0.0,0.0,0.0,0.0,0.0,0.0
1762448206.7785385,3,1,5543472,5486588,64626,63964,0,0,0,0,0.0,0.0,0.0,0.0,0.0,0.0
1762448206.7785385,3,2,5514842,5515260,64293,64298,0,0,0,0,0.0,0.0,0.0,0.0,0.0,0.0
1762448206.7785385,1,4294967294,0,0,0,0,0,0,0,0,0.0,0.0,0.0,0.0,0.0,0.0
1762448206.7785385,1,1,36840,11524504,422,134354,0,0,0,0,7023.164580585296,4168391.1841910053,9.930945391099117,6079.7247684308795,0.0,0.0
1762448206.7785385,1,2,5782010,5781784,67403,67402,0,0,0,0,2080239.1034516885,2097129.65537287,3033.9038169807804,3058.7311804585283,0.0,0.0
1762448206.7785385,1,3,5748128,5805396,67016,67682,0,0,0,0,2077871.5660704507,2080922.3524945963,3030.924533363451,3034.89691151989,0.0,0.0
1762448207.7851074,1,4294967294,0,0,0,0,0,0,0,0,0.0,0.0,0.0,0.0,0.0,0.0
1762448207.7851074,1,1,36840,11524504,422,134354,0,0,0,0,0.0,0.0,0.0,0.0,0.0,0.0
1762448207.7851074,1,2,5782010,5781784,67403,67402,0,0,0,0,0.0,0.0,0.0,0.0,0.0,0.0
1762448207.7851074,1,3,5748128,5805396,67016,67682,0,0,0,0,0.0,0.0,0.0,0.0,0.0,0.0
1762448207.7851074,3,4294967294,0,0,0,0,0,0,0,0,0.0,0.0,0.0,0.0,0.0,0.0
1762448207.7851074,3,1,5805396,5748128,67682,67016,0,0,0,0,2081717.3885532808,2078665.4365473385,3036.056422578127,3032.082526737056,0.0,0.0
1762448207.7851074,3,2,5775558,5778744,67335,67372,0,0,0,0,2072116.4562012537,2094115.9435774218,3022.1477871343786,3053.9389538629457,0.0,0.0
1762448207.7851074,2,4294967294,0,0,0,0,0,0,0,0,0.0,0.0,0.0,0.0,0.0,0.0
1762448207.7851074,2,1,34542,11499606,395,134063,0,0,0,0,7025.847847013257,4135220.1166349584,9.934739602677116,6031.380412785277,0.0,0.0
1762448207.7851074,2,2,5781784,5782010,67402,67403,0,0,0,0,2097930.88358485,2075534.0066245745,3059.899797624552,3027.1151569357176,0.0,0.0
1762448207.7851074,2,3,5778744,5775558,67372,67335,0,0,0,0,2094115.9435774218,2072116.4562012537,3053.9389538629457,3022.1477871343786,0.0,0.0
1762448208.7921677,3,4294967294,0,0,0,0,0,0,0,0,0.0,0.0,0.0,0.0,0.0,0.0
1762448208.7921677,3,1,5805396,5748128,67682,67016,0,0,0,0,0.0,0.0,0.0,0.0,0.0,0.0
1762448208.7921677,3,2,5775558,5778744,67335,67372,0,0,0,0,0.0,0.0,0.0,0.0,0.0,0.0
1762448208.7921677,2,4294967294,0,0,0,0,0,0,0,0,0.0,0.0,0.0,0.0,0.0,0.0
1762448208.7921677,2,1,34542,11499606,395,134063,0,0,0,0,0.0,0.0,0.0,0.0,0.0,0.0
1762448208.7921677,2,2,5781784,5782010,67402,67403,0,0,0,0,0.0,0.0,0.0,0.0,0.0,0.0
1762448208.7921677,2,3,5778744,5775558,67372,67335,0,0,0,0,0.0,0.0,0.0,0.0,0.0,0.0
1762448208.7921677,1,4294967294,0,0,0,0,0,0,0,0,0.0,0.0,0.0,0.0,0.0,0.0
1762448208.7921677,1,1,37724,12046652,432,140446,0,0,0,0,7022.419684856497,4147898.6353036766,9.929892088315182,6049.290260201609,0.0,0.0
1762448208.7921677,1,2,6044278,6042892,70463,70448,0,0,0,0,2083434.350574597,2074219.4107166405,3038.5469790244456,3024.6451301008046,0.0,0.0
1762448208.7921677,1,3,6008860,6067718,70058,70743,0,0,0,0,2071232.4991764752,2083863.3219128123,3020.6731732654785,3039.5399682332772,0.0,0.0
1762448209.7980468,1,4294967294,0,0,0,0,0,0,0,0,0.0,0.0,0.0,0.0,0.0,0.0
1762448209.7980468,1,1,37724,12046652,432,140446,0,0,0,0,0.0,0.0,0.0,0.0,0.0,0.0
1762448209.7980468,1,2,6044278,6042892,70463,70448,0,0,0,0,0.0,0.0,0.0,0.0,0.0,0.0
1762448209.7980468,1,3,6008860,6067718,70058,70743,0,0,0,0,0.0,0.0,0.0,0.0,0.0,0.0
1762448209.7980468,3,4294967294,0,0,0,0,0,0,0,0,0.0,0.0,0.0,0.0,0.0,0.0
1762448209.7980468,3,1,6067718,6008860,70743,70058,0,0,0,0,2086310.2404794733,2073664.5863507218,3043.1090635305404,3024.2201147533174,0.0,0.0
1762448209.7980468,3,2,6037392,6040578,70390,70427,0,0,0,0,2082429.0585833534,2082429.0585833534,3037.144132337733,3037.144132337733,0.0,0.0
1762448209.7980468,2,4294967294,0,0,0,0,0,0,0,0,0.0,0.0,0.0,0.0,0.0,0.0
1762448209.7980468,2,1,35426,12022288,405,140162,0,0,0,0,7030.665565922242,4157016.2209585626,9.94155198801222,6063.352557488653,0.0,0.0
1762448209.7980468,2,2,6042892,6044278,70448,70463,0,0,0,0,2076655.0051887159,2085880.765433591,3028.196735548522,3042.114908331739,0.0,0.0
1762448209.7980468,2,3,6040578,6037392,70427,70390,0,0,0,0,2082429.0585833534,2082429.0585833534,3037.144132337733,3037.144132337733,0.0,0.0
1762448210.8044612,3,4294967294,0,0,0,0,0,0,0,0,0.0,0.0,0.0,0.0,0.0,0.0
1762448210.8044612,3,1,6067718,6008860,70743,70058,0,0,0,0,0.0,0.0,0.0,0.0,0.0,0.0
1762448210.8044612,3,2,6037392,6040578,70390,70427,0,0,0,0,0.0,0.0,0.0,0.0,0.0,0.0
1762448210.8044612,2,4294967294,0,0,0,0,0,0,0,0,0.0,0.0,0.0,0.0,0.0,0.0
1762448210.8044612,2,1,35426,12022288,405,140162,0,0,0,0,0.0,0.0,0.0,0.0,0.0,0.0
1762448210.8044612,2,2,6042892,6044278,70448,70463,0,0,0,0,0.0,0.0,0.0,0.0,0.0,0.0
1762448210.8044612,2,3,6040578,6037392,70427,70390,0,0,0,0,0.0,0.0,0.0,0.0,0.0,0.0
1762448210.8044612,1,4294967294,0,0,0,0,0,0,0,0,0.0,0.0,0.0,0.0,0.0,0.0
1762448210.8044612,1,1,38608,12578346,442,146649,0,0,0,0,7026.926388844141,4226441.854513684,9.936264690107667,6163.4649872737855,0.0,0.0
1762448210.8044612,1,2,6311118,6309496,73577,73558,0,0,0,0,2121114.2959266636,2119238.3291531713,3094.152824499527,3090.1783186234843,0.0,0.0
1762448210.8044612,1,3,6275268,6334110,73166,73851,0,0,0,0,2117680.3228497626,2117553.138661729,3088.1910656854625,3088.1910656854625,0.0,0.0
1762448211.8091078,1,4294967294,0,0,0,0,0,0,0,0,0.0,0.0,0.0,0.0,0.0,0.0
1762448211.8091078,1,1,38608,12578346,442,146649,0,0,0,0,0.0,0.0,0.0,0.0,0.0,0.0
1762448211.8091078,1,2,6311118,6309496,73577,73558,0,0,0,0,0.0,0.0,0.0,0.0,0.0,0.0
1762448211.8091078,1,3,6275268,6334110,73166,73851,0,0,0,0,0.0,0.0,0.0,0.0,0.0,0.0
1762448211.8091078,3,4294967294,0,0,0,0,0,0,0,0,0.0,0.0,0.0,0.0,0.0,0.0
1762448211.8091078,3,1,6334110,6275268,73851,73166,0,0,0,0,2121279.3911195924,2121406.7991132927,3093.6253470448123,3093.6253470448123,0.0,0.0
1762448211.8091078,3,2,6304048,6306384,73502,73528,0,0,0,0,2123381.623015654,2116613.0733503047,3097.6068468479584,3086.657722389306,0.0,0.0
1762448211.8091078,2,4294967294,0,0,0,0,0,0,0,0,0.0,0.0,0.0,0.0,0.0,0.0
1762448211.8091078,2,1,36310,12554292,415,146370,0,0,0,0,7039.29165196297,4236347.642546276,9.95374950786619,6179.2876944833315,0.0,0.0
1762448211.8091078,2,2,6309496,6311118,73558,73577,0,0,0,0,2122967.5470361263,2124846.8149432116,3095.6160969463854,3099.597596749532,0.0,0.0
1762448211.8091078,2,3,6306384,6304048,73528,73502,0,0,0,0,2116613.0733503047,2123381.623015654,3086.657722389306,3097.6068468479584,0.0,0.0
1762448212.8160233,3,4294967294,0,0,0,0,0,0,0,0,0.0,0.0,0.0,0.0,0.0,0.0
1762448212.8160233,3,1,6334110,6275268,73851,73166,0,0,0,0,0.0,0.0,0.0,0.0,0.0,0.0
1762448212.8160233,3,2,6304048,6306384,73502,73528,0,0,0,0,0.0,0.0,0.0,0.0,0.0,0.0
1762448212.8160233,2,4294967294,0,0,0,0,0,0,0,0,0.0,0.0,0.0,0.0,0.0,0.0
1762448212.8160233,2,1,36310,12554292,415,146370,0,0,0,0,0.0,0.0,0.0,0.0,0.0,0.0
1762448212.8160233,2,2,6309496,6311118,73558,73577,0,0,0,0,0.0,0.0,0.0,0.0,0.0,0.0
1762448212.8160233,2,3,6306384,6304048,73528,73502,0,0,0,0,0.0,0.0,0.0,0.0,0.0,0.0
1762448212.8160233,1,4294967294,0,0,0,0,0,0,0,0,0.0,0.0,0.0,0.0,0.0,0.0
1762448212.8160233,1,1,39492,13112820,452,152884,0,0,0,0,7023.428990057561,4246425.549809983,9.93131927327144,6192.177566884742,0.0,0.0
1762448212.8160233,1,2,6578410,6576874,76695,76677,0,0,0,0,2123649.7529530157,2124333.0277190167,3096.5853494060348,3097.5784813333617,0.0,0.0
1762448212.8160233,1,3,6542364,6602234,76282,76979,0,0,0,0,2122092.5220909663,2130260.039061305,3094.5990855513805,3106.516668679306,0.0,0.0
1762448213.8234482,1,4294967294,0,0,0,0,0,0,0,0,0.0,0.0,0.0,0.0,0.0,0.0
1762448213.8234482,1,1,39492,13112820,452,152884,0,0,0,0,0.0,0.0,0.0,0.0,0.0,0.0
1762448213.8234482,1,2,6578410,6576874,76695,76677,0,0,0,0,0.0,0.0,0.0,0.0,0.0,0.0
1762448213.8234482,1,3,6542364,6602234,76282,76979,0,0,0,0,0.0,0.0,0.0,0.0,0.0,0.0
1762448213.8234482,3,4294967294,0,0,0,0,0,0,0,0,0.0,0.0,0.0,0.0,0.0,0.0
1762448213.8234482,3,1,6602234,6542364,76979,76282,0,0,0,0,2129183.173934302,2121019.785715401,3104.946297266608,3093.034738581442,0.0,0.0
1762448213.8234482,3,2,6571602,6574254,76623,76653,0,0,0,0,2124656.7816339387,2127166.149996947,3097.9978880335943,3101.9684075953164,0.0,0.0
1762448213.8234482,2,4294967294,0,0,0,0,0,0,0,0,0.0,0.0,0.0,0.0,0.0,0.0
1762448213.8234482,2,1,37194,13088610,425,152603,0,0,0,0,7019.878585124505,4243040.142360357,9.926298904305012,6187.062107053314,0.0,0.0
1762448213.8234482,2,2,6576874,6578926,76677,76701,0,0,0,0,2123259.1587482127,2126673.8055712935,3096.0126282527335,3100.9757777048862,0.0,0.0
1762448213.8234482,2,3,6574254,6571602,76653,76623,0,0,0,0,2127166.149996947,2124656.7816339387,3101.9684075953164,3097.9978880335943,0.0,0.0
1762448214.8303423,3,4294967294,0,0,0,0,0,0,0,0,0.0,0.0,0.0,0.0,0.0,0.0
1762448214.8303423,3,1,6602234,6542364,76979,76282,0,0,0,0,0.0,0.0,0.0,0.0,0.0,0.0
1762448214.8303423,3,2,6571602,6574254,76623,76653,0,0,0,0,0.0,0.0,0.0,0.0,0.0,0.0
1762448214.8303423,2,4294967294,0,0,0,0,0,0,0,0,0.0,0.0,0.0,0.0,0.0,0.0
1762448214.8303423,2,1,37194,13088610,425,152603,0,0,0,0,0.0,0.0,0.0,0.0,0.0,0.0
1762448214.8303423,2,2,6576874,6578926,76677,76701,0,0,0,0,0.0,0.0,0.0,0.0,0.0,0.0
1762448214.8303423,2,3,6574254,6571602,76653,76623,0,0,0,0,0.0,0.0,0.0,0.0,0.0,0.0
1762448214.8303423,1,4294967294,0,0,0,0,0,0,0,0,0.0,0.0,0.0,0.0,0.0,0.0
1762448214.8303423,1,1,40376,13646002,462,159103,0,0,0,0,7023.578664620834,4236250.813981748,9.93153091716747,6176.419077386449,0.0,0.0
1762448214.8303423,1,2,6845838,6843396,79813,79786,0,0,0,0,2124775.5600930094,2117577.1864842465,3096.651339972817,3087.7129621473664,0.0,0.0
1762448214.8303423,1,3,6809374,6870066,79397,80103,0,0,0,0,2121454.4561543087,2127985.4308854383,3093.671880697667,3102.6102585231174,0.0,0.0
1762448215.83543,1,4294967294,0,0,0,0,0,0,0,0,0.0,0.0,0.0,0.0,0.0,0.0
1762448215.83543,1,1,40376,13646002,462,159103,0,0,0,0,0.0,0.0,0.0,0.0,0.0,0.0
1762448215.83543,1,2,6845838,6843396,79813,79786,0,0,0,0,0.0,0.0,0.0,0.0,0.0,0.0
1762448215.83543,1,3,6809374,6870066,79397,80103,0,0,0,0,0.0,0.0,0.0,0.0,0.0,0.0
1762448215.83543,3,4294967294,0,0,0,0,0,0,0,0,0.0,0.0,0.0,0.0,0.0,0.0
1762448215.83543,3,1,6870066,6809374,80103,79397,0,0,0,0,2131810.1725938367,2125267.4593935017,3108.1867454146377,3099.232302166004,0.0,0.0
1762448215.83543,3,2,6838954,6840834,79741,79763,0,0,0,0,2127989.6101410864,2121844.8721962464,3102.217116582215,3094.257611472319,0.0,0.0
1762448215.83543,2,4294967294,0,0,0,0,0,0,0,0,0.0,0.0,0.0,0.0,0.0,0.0
1762448215.83543,2,1,38078,13622002,435,158823,0,0,0,0,7036.202517148629,4245536.3495779885,9.9493813873708,6188.515222944638,0.0,0.0
1762448215.83543,2,2,6844158,6846510,79795,79821,0,0,0,0,2127448.3637936134,2129836.2153265825,3102.217116582215,3104.2069928596893,0.0,0.0
1762448215.83543,2,3,6840834,6838954,79763,79741,0,0,0,0,2121844.8721962464,2127989.6101410864,3094.257611472319,3102.217116582215,0.0,0.0
1762448216.8408632,3,4294967294,0,0,0,0,0,0,0,0,0.0,0.0,0.0,0.0,0.0,0.0
1762448216.8408632,3,1,6870066,6809374,80103,79397,0,0,0,0,0.0,0.0,0.0,0.0,0.0,0.0
1762448216.8408632,3,2,6838954,6840834,79741,79763,0,0,0,0,0.0,0.0,0.0,0.0,0.0,0.0
1762448216.8408632,2,4294967294,0,0,0,0,0,0,0,0,0.0,0.0,0.0,0.0,0.0,0.0
1762448216.8408632,2,1,38078,13622002,435,158823,0,0,0,0,0.0,0.0,0.0,0.0,0.0,0.0
1762448216.8408632,2,2,6844158,6846510,79795,79821,0,0,0,0,0.0,0.0,0.0,0.0,0.0,0.0
1762448216.8408632,2,3,6840834,6838954,79763,79741,0,0,0,0,0.0,0.0,0.0,0.0,0.0,0.0
1762448216.8408632,1,4294967294,0,0,0,0,0,0,0,0,0.0,0.0,0.0,0.0,0.0,0.0
1762448216.8408632,1,1,41260,14177780,472,165306,0,0,0,0,7033.783198046616,4231234.345577866,9.945960404477681,6169.479238897506,0.0,0.0
1762448216.8408632,1,2,7113350,7110736,82933,82904,0,0,0,0,2128531.0077781067,2127162.443626451,3103.1396461970367,3101.150454116141,0.0,0.0
1762448216.8408632,1,3,7075060,7136964,82496,83216,0,0,0,0,2114001.9488192457,2123645.5520274276,3082.2531293476336,3096.1774739139023,0.0,0.0
1762448217.8462055,1,4294967294,0,0,0,0,0,0,0,0,0.0,0.0,0.0,0.0,0.0,0.0
1762448217.8462055,1,1,41260,14177780,472,165306,0,0,0,0,0.0,0.0,0.0,0.0,0.0,0.0
1762448217.8462055,1,2,7113350,7110736,82933,82904,0,0,0,0,0.0,0.0,0.0,0.0,0.0,0.0
1762448217.8462055,1,3,7075060,7136964,82496,83216,0,0,0,0,0.0,0.0,0.0,0.0,0.0,0.0
1762448217.8462055,3,4294967294,0,0,0,0,0,0,0,0,0.0,0.0,0.0,0.0,0.0,0.0
1762448217.8462055,3,1,7136964,7075060,83216,82496,0,0,0,0,2123837.937182795,2114193.4603419583,3096.457962615887,3082.5323566163297,0.0,0.0
1762448217.8462055,3,2,7105034,7107430,82845,82873,0,0,0,0,2117328.7110641445,2121434.775461728,3087.505787330457,3093.4739041874104,0.0,0.0
1762448217.8462055,2,4294967294,0,0,0,0,0,0,0,0,0.0,0.0,0.0,0.0,0.0,0.0
1762448217.8462055,2,1,38962,14153902,445,165027,0,0,0,0,7034.4204020621755,4232588.474951212,9.946861428255339,6171.032830089613,0.0,0.0
1762448217.8462055,2,2,7110736,7113350,82904,82933,0,0,0,0,2121291.5406571613,2123376.402812524,3092.479218044585,3095.463276473062,0.0,0.0
1762448217.8462055,2,3,7107430,7105034,82873,82845,0,0,0,0,2121434.775461728,2117328.7110641445,3093.4739041874104,3087.505787330457,0.0,0.0
1762448218.853023,3,4294967294,0,0,0,0,0,0,0,0,0.0,0.0,0.0,0.0,0.0,0.0
1762448218.853023,3,1,7136964,7075060,83216,82496,0,0,0,0,0.0,0.0,0.0,0.0,0.0,0.0
1762448218.853023,3,2,7105034,7107430,82845,82873,0,0,0,0,0.0,0.0,0.0,0.0,0.0,0.0
1762448218.853023,2,4294967294,0,0,0,0,0,0,0,0,0.0,0.0,0.0,0.0,0.0,0.0
1762448218.853023,2,1,38962,14153902,445,165027,0,0,0,0,0.0,0.0,0.0,0.0,0.0,0.0
1762448218.853023,2,2,7110736,7113350,82904,82933,0,0,0,0,0.0,0.0,0.0,0.0,0.0,0.0
1762448218.853023,2,3,7107430,7105034,82873,82845,0,0,0,0,0.0,0.0,0.0,0.0,0.0,0.0
1762448218.853023,1,4294967294,0,0,0,0,0,0,0,0,0.0,0.0,0.0,0.0,0.0,0.0
1762448218.853023,1,1,42058,14695988,481,171350,0,0,0,0,6340.771289107317,4117591.990207675,8.939057268478361,6003.073570075912,0.0,0.0
1762448218.853023,1,2,7373376,7370298,85966,85931,0,0,0,0,2066122.049149648,2062435.1846406935,3012.4622994772076,3006.5029279648884,0.0,0.0
1762448218.853023,1,3,7334324,7396594,85520,86245,0,0,0,0,2060067.3276931322,2062975.5009911438,3003.5232422087292,3008.4893851356615,0.0,0.0
1762448219.8576713,1,4294967294,0,0,0,0,0,0,0,0,0.0,0.0,0.0,0.0,0.0,0.0
1762448219.8576713,1,1,42058,14695988,481,171350,0,0,0,0,0.0,0.0,0.0,0.0,0.0,0.0
1762448219.8576713,1,2,7373376,7370298,85966,85931,0,0,0,0,0.0,0.0,0.0,0.0,0.0,0.0
1762448219.8576713,1,3,7334324,7396594,85520,86245,0,0,0,0,0.0,0.0,0.0,0.0,0.0,0.0
1762448219.8576713,3,4294967294,0,0,0,0,0,0,0,0,0.0,0.0,0.0,0.0,0.0,0.0
1762448219.8576713,3,1,7396594,7334324,86245,85520,0,0,0,0,2067430.1533437753,2064515.7003293938,3014.985717404718,3010.008850918411,0.0,0.0
1762448219.8576713,3,2,7364504,7366844,85872,85898,0,0,0,0,2066156.0755232805,2065710.1482861075,3012.994970810195,3011.0042242156724,0.0,0.0
1762448219.8576713,2,4294967294,0,0,0,0,0,0,0,0,0.0,0.0,0.0,0.0,0.0,0.0
1762448219.8576713,2,1,39846,14672038,455,171071,0,0,0,0,7039.279958232474,4125909.909998576,9.953732972613793,6016.036208647776,0.0,0.0
1762448219.8576713,2,2,7370298,7373376,85931,85966,0,0,0,0,2066888.670270065,2070583.4959494993,3012.994970810195,3018.9672105937634,0.0,0.0
1762448219.8576713,2,3,7366844,7364504,85898,85872,0,0,0,0,2065710.1482861075,2066156.0755232805,3011.0042242156724,3012.994970810195,0.0,0.0
1762448220.8652136,3,4294967294,0,0,0,0,0,0,0,0,0.0,0.0,0.0,0.0,0.0,0.0
1762448220.8652136,3,1,7396594,7334324,86245,85520,0,0,0,0,0.0,0.0,0.0,0.0,0.0,0.0
1762448220.8652136,3,2,7364504,7366844,85872,85898,0,0,0,0,0.0,0.0,0.0,0.0,0.0,0.0
1762448220.8652136,2,4294967294,0,0,0,0,0,0,0,0,0.0,0.0,0.0,0.0,0.0,0.0
1762448220.8652136,2,1,39846,14672038,455,171071,0,0,0,0,0.0,0.0,0.0,0.0,0.0,0.0
1762448220.8652136,2,2,7370298,7373376,85931,85966,0,0,0,0,0.0,0.0,0.0,0.0,0.0,0.0
1762448220.8652136,2,3,7366844,7364504,85898,85872,0,0,0,0,0.0,0.0,0.0,0.0,0.0,0.0
1762448220.8652136,1,4294967294,0,0,0,0,0,0,0,0,0.0,0.0,0.0,0.0,0.0,0.0
1762448220.8652136,1,1,42856,15225024,490,177522,0,0,0,0,6336.209949078773,4200605.471955937,8.932626807911804,6125.796962047962,0.0,0.0
1762448220.8652136,1,2,7637352,7633970,89046,89007,0,0,0,0,2095999.1948847345,2093585.4006184188,3056.943396485373,3052.973340126301,0.0,0.0
1762448220.8652136,1,3,7598438,7661474,88601,89335,0,0,0,0,2097094.9304398384,2103177.0567819364,3057.935910575141,3066.8685373830526,0.0,0.0
1762448221.8726282,1,4294967294,0,0,0,0,0,0,0,0,0.0,0.0,0.0,0.0,0.0,0.0
1762448221.8726282,1,1,42856,15225024,490,177522,0,0,0,0,0.0,0.0,0.0,0.0,0.0,0.0
1762448221.8726282,1,2,7637352,7633970,89046,89007,0,0,0,0,0.0,0.0,0.0,0.0,0.0,0.0
1762448221.8726282,1,3,7598438,7661474,88601,89335,0,0,0,0,0.0,0.0,0.0,0.0,0.0,0.0
1762448221.8726282,3,4294967294,0,0,0,0,0,0,0,0,0.0,0.0,0.0,0.0,0.0,0.0
1762448221.8726282,3,1,7662420,7598438,89346,88601,0,0,0,0,2110956.1480483636,2097360.95071831,3078.176615106299,3058.3238152668514,0.0,0.0
1762448221.8726282,3,2,7630204,7630840,88972,88978,0,0,0,0,2109955.5669364557,2096423.8985658882,3077.1839751143266,3057.331175274879,0.0,0.0
1762448221.8726282,2,4294967294,0,0,0,0,0,0,0,0,0.0,0.0,0.0,0.0,0.0,0.0
1762448221.8726282,2,1,40644,15200972,464,177242,0,0,0,0,6337.013708751568,4200328.33211128,8.93375992775127,6125.581390461454,0.0,0.0
1762448221.8726282,2,2,7635346,7637954,89023,89053,0,0,0,0,2104777.9567383276,2101045.6303685117,3069.2428551785474,3064.2796552186855,0.0,0.0
1762448221.8726282,2,3,7631700,7630204,88988,88972,0,0,0,0,2103253.261710658,2109955.5669364557,3067.257575194603,3077.1839751143266,0.0,0.0
1762448222.8768191,3,4294967294,0,0,0,0,0,0,0,0,0.0,0.0,0.0,0.0,0.0,0.0
1762448222.8768191,3,1,7662420,7598438,89346,88601,0,0,0,0,0.0,0.0,0.0,0.0,0.0,0.0
1762448222.8768191,3,2,7630204,7630840,88972,88978,0,0,0,0,0.0,0.0,0.0,0.0,0.0,0.0
1762448222.8768191,2,4294967294,0,0,0,0,0,0,0,0,0.0,0.0,0.0,0.0,0.0,0.0
1762448222.8768191,2,1,40644,15200972,464,177242,0,0,0,0,0.0,0.0,0.0,0.0,0.0,0.0
1762448222.8768191,2,2,7635346,7637954,89023,89053,0,0,0,0,0.0,0.0,0.0,0.0,0.0,0.0
1762448222.8768191,2,3,7631700,7630204,88988,88972,0,0,0,0,0.0,0.0,0.0,0.0,0.0,0.0
1762448222.8768191,1,4294967294,0,0,0,0,0,0,0,0,0.0,0.0,0.0,0.0,0.0,0.0
1762448222.8768191,1,1,43810,15760832,501,183772,0,0,0,0,7600.148372627723,4268574.737149806,10.954092256145827,6223.916054628311,0.0,0.0
1762448222.8768191,1,2,7906542,7903266,92185,92149,0,0,0,0,2144532.432314106,2145376.893244398,3125.899599276523,3128.8870789827447,0.0,0.0
1762448222.8768191,1,3,7867464,7930416,91740,92472,0,0,0,0,2143225.907855918,2142556.7124017244,3125.899599276523,3123.907946139042,0.0,0.0
1762448223.880944,1,4294967294,0,0,0,0,0,0,0,0,0.0,0.0,0.0,0.0,0.0,0.0
1762448223.880944,1,1,43810,15760832,501,183772,0,0,0,0,0.0,0.0,0.0,0.0,0.0,0.0
1762448223.880944,1,2,7906542,7903266,92185,92149,0,0,0,0,0.0,0.0,0.0,0.0,0.0,0.0
1762448223.880944,1,3,7867464,7930416,91740,92472,0,0,0,0,0.0,0.0,0.0,0.0,0.0,0.0
1762448223.880944,3,4294967294,0,0,0,0,0,0,0,0,0.0,0.0,0.0,0.0,0.0,0.0
1762448223.880944,3,1,7930416,7867464,92472,91740,0,0,0,0,2135160.718603003,2143366.869217792,3113.1585948824736,3126.105191726195,0.0,0.0
1762448223.880944,3,2,7898282,7899522,92099,92113,0,0,0,0,2135814.023797578,2140626.174255183,3114.154486947375,3122.121623466588,0.0,0.0
1762448223.880944,2,4294967294,0,0,0,0,0,0,0,0,0.0,0.0,0.0,0.0,0.0,0.0
1762448223.880944,2,1,41442,15737004,473,183494,0,0,0,0,6357.774942331961,4270640.122666774,8.963028584114607,6226.317189764947,0.0,0.0
1762448223.880944,2,2,7904212,7907144,92160,92192,0,0,0,0,2142092.127374718,2144673.479606943,3124.1134075963914,3126.105191726195,0.0,0.0
1762448223.880944,2,3,7899522,7898282,92113,92099,0,0,0,0,2133774.43684866,2135814.023797578,3112.1627028175717,3114.154486947375,0.0,0.0
1762448224.8876698,3,4294967294,0,0,0,0,0,0,0,0,0.0,0.0,0.0,0.0,0.0,0.0
1762448224.8876698,3,1,7930416,7867464,92472,91740,0,0,0,0,0.0,0.0,0.0,0.0,0.0,0.0
1762448224.8876698,3,2,7898282,7899522,92099,92113,0,0,0,0,0.0,0.0,0.0,0.0,0.0,0.0
1762448224.8876698,2,4294967294,0,0,0,0,0,0,0,0,0.0,0.0,0.0,0.0,0.0,0.0
1762448224.8876698,2,1,41442,15737004,473,183494,0,0,0,0,0.0,0.0,0.0,0.0,0.0,0.0
1762448224.8876698,2,2,7904212,7907144,92160,92192,0,0,0,0,0.0,0.0,0.0,0.0,0.0,0.0
1762448224.8876698,2,3,7899522,7898282,92113,92099,0,0,0,0,0.0,0.0,0.0,0.0,0.0,0.0
1762448224.8876698,1,4294967294,0,0,0,0,0,0,0,0,0.0,0.0,0.0,0.0,0.0,0.0
1762448224.8876698,1,1,44608,16295318,510,190009,0,0,0,0,6341.349427379045,4247321.416092877,8.939872313034368,6195.331512932817,0.0,0.0
1762448224.8876698,1,2,8173700,8171542,95302,95279,0,0,0,0,2122985.2510272316,2131869.497468096,3096.1757777475696,3109.0889266441745,0.0,0.0
1762448224.8876698,1,3,8134582,8197760,94857,95592,0,0,0,0,2122667.388900546,2124463.30991632,3096.1757777475696,3099.1557351852475,0.0,0.0
1762448225.894992,1,4294967294,0,0,0,0,0,0,0,0,0.0,0.0,0.0,0.0,0.0,0.0
1762448225.894992,1,1,44608,16295318,510,190009,0,0,0,0,0.0,0.0,0.0,0.0,0.0,0.0
1762448225.894992,1,2,8173700,8171542,95302,95279,0,0,0,0,0.0,0.0,0.0,0.0,0.0,0.0
1762448225.894992,1,3,8134582,8197760,94857,95592,0,0,0,0,0.0,0.0,0.0,0.0,0.0,0.0
1762448225.894992,3,4294967294,0,0,0,0,0,0,0,0,0.0,0.0,0.0,0.0,0.0,0.0
1762448225.894992,3,1,8197760,8135184,95592,94864,0,0,0,0,2123205.230135933,2126191.3647285597,3097.3204551178032,3101.2913787782104,0.0,0.0
1762448225.894992,3,2,8166772,8166752,95232,95230,0,0,0,0,2132306.587165587,2122299.8595413603,3110.2259570141273,3094.3422623724973,0.0,0.0
1762448225.894992,2,4294967294,0,0,0,0,0,0,0,0,0.0,0.0,0.0,0.0,0.0,0.0
1762448225.894992,2,1,42240,16271448,482,189730,0,0,0,0,6337.594162010274,4244472.649525587,8.93457823591674,6190.669986575199,0.0,0.0
1762448225.894992,2,2,8172230,8174216,95287,95308,0,0,0,0,2128558.0352301626,2121045.0476646717,3104.2695715235163,3093.3495314573956,0.0,0.0
1762448225.894992,2,3,8166752,8166772,95230,95232,0,0,0,0,2122299.8595413603,2132306.587165587,3094.3422623724973,3110.2259570141273,0.0,0.0
1762448226.9021358,3,4294967294,0,0,0,0,0,0,0,0,0.0,0.0,0.0,0.0,0.0,0.0
1762448226.9021358,3,1,8197760,8135184,95592,94864,0,0,0,0,0.0,0.0,0.0,0.0,0.0,0.0
1762448226.9021358,3,2,8166772,8166752,95232,95230,0,0,0,0,0.0,0.0,0.0,0.0,0.0,0.0
1762448226.9021358,2,4294967294,0,0,0,0,0,0,0,0,0.0,0.0,0.0,0.0,0.0,0.0
1762448226.9021358,2,1,42240,16271448,482,189730,0,0,0,0,0.0,0.0,0.0,0.0,0.0,0.0
1762448226.9021358,2,2,8172230,8174216,95287,95308,0,0,0,0,0.0,0.0,0.0,0.0,0.0,0.0
1762448226.9021358,2,3,8166752,8166772,95230,95232,0,0,0,0,0.0,0.0,0.0,0.0,0.0,0.0
1762448226.9021358,1,4294967294,0,0,0,0,0,0,0,0,0.0,0.0,0.0,0.0,0.0,0.0
1762448226.9021358,1,1,45406,16828494,519,196229,0,0,0,0,6338.717873657134,4235153.184216812,8.936162415870019,6175.88113630128,0.0,0.0
1762448226.9021358,1,2,8441986,8439196,98431,98402,0,0,0,0,2131064.239914759,2126044.1024509105,3106.8057999174766,3100.848358306897,0.0,0.0
1762448226.9021358,1,3,8401782,8465174,97975,98711,0,0,0,0,2122437.864462639,2124137.721135525,3095.8838236314136,3096.87673056651,0.0,0.0
1762448227.908236,1,4294967294,0,0,0,0,0,0,0,0,0.0,0.0,0.0,0.0,0.0,0.0
1762448227.908236,1,1,45406,16828494,519,196229,0,0,0,0,0.0,0.0,0.0,0.0,0.0,0.0
1762448227.908236,1,2,8441986,8439196,98431,98402,0,0,0,0,0.0,0.0,0.0,0.0,0.0,0.0
1762448227.908236,1,3,8401782,8465174,97975,98711,0,0,0,0,0.0,0.0,0.0,0.0,0.0,0.0
1762448227.908236,3,4294967294,0,0,0,0,0,0,0,0,0.0,0.0,0.0,0.0,0.0,0.0
1762448227.908236,3,1,8465174,8401782,98711,97975,0,0,0,0,2126340.942263424,2119852.522775712,3100.088906582873,3092.1374121126382,0.0,0.0
1762448227.908236,3,2,8433906,8433624,98349,98344,0,0,0,0,2124114.523811758,2122031.2322605564,3098.101032965314,3095.119222538976,0.0,0.0
1762448227.908236,2,4294967294,0,0,0,0,0,0,0,0,0.0,0.0,0.0,0.0,0.0,0.0
1762448227.908236,2,1,43038,16804632,491,195950,0,0,0,0,6345.292587247535,4239609.627617781,8.945431279014382,6182.286950607718,0.0,0.0
1762448227.908236,2,2,8439196,8441986,98402,98431,0,0,0,0,2122778.672740759,2129171.6742948275,3096.1131593477553,3104.0646538179903,0.0,0.0
1762448227.908236,2,3,8433624,8433906,98344,98349,0,0,0,0,2122031.2322605564,2124114.523811758,3095.119222538976,3098.101032965314,0.0,0.0
1762448228.9151452,3,4294967294,0,0,0,0,0,0,0,0,0.0,0.0,0.0,0.0,0.0,0.0
1762448228.9151452,3,1,8465174,8401782,98711,97975,0,0,0,0,0.0,0.0,0.0,0.0,0.0,0.0
1762448228.9151452,3,2,8433906,8433624,98349,98344,0,0,0,0,0.0,0.0,0.0,0.0,0.0,0.0
1762448228.9151452,2,4294967294,0,0,0,0,0,0,0,0,0.0,0.0,0.0,0.0,0.0,0.0
1762448228.9151452,2,1,43038,16804632,491,195950,0,0,0,0,0.0,0.0,0.0,0.0,0.0,0.0
1762448228.9151452,2,2,8439196,8441986,98402,98431,0,0,0,0,0.0,0.0,0.0,0.0,0.0,0.0
1762448228.9151452,2,3,8433624,8433906,98344,98349,0,0,0,0,0.0,0.0,0.0,0.0,0.0,0.0
1762448228.9151452,1,4294967294,0,0,0,0,0,0,0,0,0.0,0.0,0.0,0.0,0.0,0.0
1762448228.9151452,1,1,46204,17358842,528,202419,0,0,0,0,6340.194757490795,4213671.189530988,8.938244488943791,6147.5259318402295,0.0,0.0
1762448228.9151452,1,2,8707668,8704586,101532,101499,0,0,0,0,2110871.7087213905,2108551.7377073714,3079.721795579411,3075.7492424732136,0.0,0.0
1762448228.9151452,1,3,8666992,8730804,101070,101812,0,0,0,0,2107121.6185891405,2110458.5631983457,3073.7629659201148,3079.721795579411,0.0,0.0
1762448229.9207234,1,4294967294,0,0,0,0,0,0,0,0,0.0,0.0,0.0,0.0,0.0,0.0
1762448229.9207234,1,1,46204,17358842,528,202419,0,0,0,0,0.0,0.0,0.0,0.0,0.0,0.0
1762448229.9207234,1,2,8707668,8704586,101532,101499,0,0,0,0,0.0,0.0,0.0,0.0,0.0,0.0
1762448229.9207234,1,3,8666992,8730804,101070,101812,0,0,0,0,0.0,0.0,0.0,0.0,0.0,0.0
1762448229.9207234,3,4294967294,0,0,0,0,0,0,0,0,0.0,0.0,0.0,0.0,0.0,0.0
1762448229.9207234,3,1,8730804,8666992,101812,101070,0,0,0,0,2113251.691421464,2109910.3304667636,3083.797714442062,3077.8309984515263,0.0,0.0
1762448229.9207234,3,2,8699080,8699136,101444,101442,0,0,0,0,2109623.928099218,2112312.9281056197,3077.8309984515263,3080.814356446794,0.0,0.0
1762448229.9207234,2,4294967294,0,0,0,0,0,0,0,0,0.0,0.0,0.0,0.0,0.0,0.0
1762448229.9207234,2,1,43906,17336122,501,202153,0,0,0,0,6905.479306380419,4228333.175746692,9.944526650893462,6168.589881549214,0.0,0.0
1762448229.9207234,2,2,8704586,8707668,101499,101532,0,0,0,0,2111342.3423044924,2113665.383730141,3079.819903781705,3083.797714442062,0.0,0.0
1762448229.9207234,2,3,8699136,8699080,101442,101444,0,0,0,0,2112312.9281056197,2109623.928099218,3080.814356446794,3077.8309984515263,0.0,0.0
1762448230.9269187,3,4294967294,0,0,0,0,0,0,0,0,0.0,0.0,0.0,0.0,0.0,0.0
1762448230.9269187,3,1,8730804,8666992,101812,101070,0,0,0,0,0.0,0.0,0.0,0.0,0.0,0.0
1762448230.9269187,3,2,8699080,8699136,101444,101442,0,0,0,0,0.0,0.0,0.0,0.0,0.0,0.0
1762448230.9269187,2,4294967294,0,0,0,0,0,0,0,0,0.0,0.0,0.0,0.0,0.0,0.0
1762448230.9269187,2,1,43906,17336122,501,202153,0,0,0,0,0.0,0.0,0.0,0.0,0.0,0.0
1762448230.9269187,2,2,8704586,8707668,101499,101532,0,0,0,0,0.0,0.0,0.0,0.0,0.0,0.0
1762448230.9269187,2,3,8699136,8699080,101442,101444,0,0,0,0,0.0,0.0,0.0,0.0,0.0,0.0
1762448230.9269187,1,4294967294,0,0,0,0,0,0,0,0,0.0,0.0,0.0,0.0,0.0,0.0
1762448230.9269187,1,1,47002,17894658,537,208671,0,0,0,0,6344.692682420564,4260135.155794307,8.94458554852523,6213.505427708861,0.0,0.0
1762448230.9269187,1,2,8977262,8972532,104677,104626,0,0,0,0,2143472.5301058767,2130369.706120126,3125.6357277902057,3107.7465566931555,0.0,0.0
1762448230.9269187,1,3,8935778,8999616,104207,104948,0,0,0,0,2137048.329996358,2137255.0493068127,3117.6849850804056,3116.6911422416806,0.0,0.0
1762448231.9320748,1,4294967294,0,0,0,0,0,0,0,0,0.0,0.0,0.0,0.0,0.0,0.0
1762448231.9320748,1,1,47002,17894658,537,208671,0,0,0,0,0.0,0.0,0.0,0.0,0.0,0.0
1762448231.9320748,1,2,8977262,8972532,104677,104626,0,0,0,0,0.0,0.0,0.0,0.0,0.0,0.0
1762448231.9320748,1,3,8935778,8999616,104207,104948,0,0,0,0,0.0,0.0,0.0,0.0,0.0,0.0
1762448231.9320748,3,4294967294,0,0,0,0,0,0,0,0,0.0,0.0,0.0,0.0,0.0,0.0
1762448231.9320748,3,1,8999616,8935778,104948,104207,0,0,0,0,2139464.8333307244,2139257.9002858205,3119.913600083493,3120.9084704916827,0.0,0.0
1762448231.9320748,3,2,8967914,8967776,104581,104578,0,0,0,0,2139639.9305225657,2138095.891649055,3120.9084704916827,3119.913600083493,0.0,0.0
1762448231.9320748,2,4294967294,0,0,0,0,0,0,0,0,0.0,0.0,0.0,0.0,0.0,0.0
1762448231.9320748,2,1,44704,17871958,510,208405,0,0,0,0,6351.252685884253,4264699.0403427,8.953833673709005,6219.929792003188,0.0,0.0
1762448231.9320748,2,2,8972966,8977262,104631,104677,0,0,0,0,2136026.56120002,2145688.74260436,3115.9341184507334,3128.867433757202,0.0,0.0
1762448231.9320748,2,3,8967776,8967914,104578,104581,0,0,0,0,2138095.891649055,2139639.9305225657,3119.913600083493,3120.9084704916827,0.0,0.0
1762448232.938379,3,4294967294,0,0,0,0,0,0,0,0,0.0,0.0,0.0,0.0,0.0,0.0
1762448232.938379,3,1,8999616,8935778,104948,104207,0,0,0,0,0.0,0.0,0.0,0.0,0.0,0.0
1762448232.938379,3,2,8967914,8967776,104581,104578,0,0,0,0,0.0,0.0,0.0,0.0,0.0,0.0
1762448232.938379,2,4294967294,0,0,0,0,0,0,0,0,0.0,0.0,0.0,0.0,0.0,0.0
1762448232.938379,2,1,44704,17871958,510,208405,0,0,0,0,0.0,0.0,0.0,0.0,0.0,0.0
1762448232.938379,2,2,8972966,8977262,104631,104677,0,0,0,0,0.0,0.0,0.0,0.0,0.0,0.0
1762448232.938379,2,3,8967776,8967914,104578,104581,0,0,0,0,0.0,0.0,0.0,0.0,0.0,0.0
1762448232.938379,1,4294967294,0,0,0,0,0,0,0,0,0.0,0.0,0.0,0.0,0.0,0.0
1762448232.938379,1,1,47714,18427686,545,214891,0,0,0,0,5660.315874018479,4237509.620360003,7.949881845531572,6181.033134900797,0.0,0.0
1762448232.938379,1,2,9244162,9240366,107793,107751,0,0,0,0,2121823.4645723766,2129248.6542161033,3096.4789788345474,3105.4225959107703,0.0,0.0
1762448232.938379,1,3,9202512,9266874,107320,108067,0,0,0,0,2120503.784186018,2124669.5222730767,3093.497773142473,3099.4601845266216,0.0,0.0
1762448233.9459739,1,4294967294,0,0,0,0,0,0,0,0,0.0,0.0,0.0,0.0,0.0,0.0
1762448233.9459739,1,1,47714,18427686,545,214891,0,0,0,0,0.0,0.0,0.0,0.0,0.0,0.0
1762448233.9459739,1,2,9244162,9240366,107793,107751,0,0,0,0,0.0,0.0,0.0,0.0,0.0,0.0
1762448233.9459739,1,3,9202512,9266874,107320,108067,0,0,0,0,0.0,0.0,0.0,0.0,0.0,0.0
1762448233.9459739,3,4294967294,0,0,0,0,0,0,0,0,0.0,0.0,0.0,0.0,0.0,0.0
1762448233.9459739,3,1,9266874,9202512,108067,107320,0,0,0,0,2121948.1774008027,2117787.774924701,3095.4902965080114,3089.5355219716057,0.0,0.0
1762448233.9459739,3,2,9235500,9234562,107704,107691,0,0,0,0,2124552.3987980573,2118200.6392925587,3099.460146198948,3089.5355219716057,0.0,0.0
1762448233.9459739,2,4294967294,0,0,0,0,0,0,0,0,0.0,0.0,0.0,0.0,0.0,0.0
1762448233.9459739,2,1,45416,18404994,518,214627,0,0,0,0,5653.065959894078,4232145.599716432,7.939699381873706,6175.101194252275,0.0,0.0
1762448233.9459739,2,2,9240366,9244162,107751,107793,0,0,0,0,2123075.614713029,2119105.765022092,3096.4827589307456,3092.5129092398083,0.0,0.0
1762448233.9459739,2,3,9234562,9235500,107691,107704,0,0,0,0,2118200.6392925587,2124552.3987980573,3089.5355219716057,3099.460146198948,0.0,0.0
1762448234.952666,3,4294967294,0,0,0,0,0,0,0,0,0.0,0.0,0.0,0.0,0.0,0.0
1762448234.952666,3,1,9266874,9202512,108067,107320,0,0,0,0,0.0,0.0,0.0,0.0,0.0,0.0
1762448234.952666,3,2,9235500,9234562,107704,107691,0,0,0,0,0.0,0.0,0.0,0.0,0.0,0.0
1762448234.952666,2,4294967294,0,0,0,0,0,0,0,0,0.0,0.0,0.0,0.0,0.0,0.0
1762448234.952666,2,1,45416,18404994,518,214627,0,0,0,0,0.0,0.0,0.0,0.0,0.0,0.0
1762448234.952666,2,2,9240366,9244162,107751,107793,0,0,0,0,0.0,0.0,0.0,0.0,0.0,0.0
1762448234.952666,2,3,9234562,9235500,107691,107704,0,0,0,0,0.0,0.0,0.0,0.0,0.0,0.0
1762448234.952666,1,4294967294,0,0,0,0,0,0,0,0,0.0,0.0,0.0,0.0,0.0,0.0
1762448234.952666,1,1,48426,18941412,553,220888,0,0,0,0,5658.13479387065,4082487.2965112273,7.946818530717206,5957.133841088886,0.0,0.0
1762448234.952666,1,2,9500820,9497106,110788,110747,0,0,0,0,2039614.5504568166,2040266.1895763355,2975.090187437254,2976.0835397535934,0.0,0.0
1762448234.952666,1,3,9459728,9523344,110322,111062,0,0,0,0,2044048.8751969568,2038120.5485730418,2982.0436536516313,2975.090187437254,0.0,0.0
1762448235.957459,1,4294967294,0,0,0,0,0,0,0,0,0.0,0.0,0.0,0.0,0.0,0.0
1762448235.957459,1,1,48426,18941412,553,220888,0,0,0,0,0.0,0.0,0.0,0.0,0.0,0.0
1762448235.957459,1,2,9500820,9497106,110788,110747,0,0,0,0,0.0,0.0,0.0,0.0,0.0,0.0
1762448235.957459,1,3,9459728,9523344,110322,111062,0,0,0,0,0.0,0.0,0.0,0.0,0.0,0.0
1762448235.957459,3,4294967294,0,0,0,0,0,0,0,0,0.0,0.0,0.0,0.0,0.0,0.0
1762448235.957459,3,1,9524032,9459728,111070,110322,0,0,0,0,2047450.7147164478,2047912.501405773,2988.6754914748385,2987.6802615409474,0.0,0.0
1762448235.957459,3,2,9492918,9491544,110709,110690,0,0,0,0,2049520.792978941,2046049.430969529,2990.6659513426207,2984.694571739274,0.0,0.0
1762448235.957459,2,4294967294,0,0,0,0,0,0,0,0,0.0,0.0,0.0,0.0,0.0,0.0
1762448235.957459,2,1,46214,18918726,527,220623,0,0,0,0,6353.547897960496,4090251.7151817563,8.957069405019496,5967.398683610767,0.0,0.0
1762448235.957459,2,2,9497880,9501508,110756,110796,0,0,0,0,2050285.1295681694,2048947.5405370197,2990.6659513426207,2988.6754914748385,0.0,0.0
1762448235.957459,2,3,9491544,9492918,110690,110709,0,0,0,0,2046049.430969529,2049520.792978941,2984.694571739274,2990.6659513426207,0.0,0.0
1762448236.9649239,3,4294967294,0,0,0,0,0,0,0,0,0.0,0.0,0.0,0.0,0.0,0.0
1762448236.9649239,3,1,9524032,9459728,111070,110322,0,0,0,0,0.0,0.0,0.0,0.0,0.0,0.0
1762448236.9649239,3,2,9492918,9491544,110709,110690,0,0,0,0,0.0,0.0,0.0,0.0,0.0,0.0
1762448236.9649239,2,4294967294,0,0,0,0,0,0,0,0,0.0,0.0,0.0,0.0,0.0,0.0
1762448236.9649239,2,1,46214,18918726,527,220623,0,0,0,0,0.0,0.0,0.0,0.0,0.0,0.0
1762448236.9649239,2,2,9497880,9501508,110756,110796,0,0,0,0,0.0,0.0,0.0,0.0,0.0,0.0
1762448236.9649239,2,3,9491544,9492918,110690,110709,0,0,0,0,0.0,0.0,0.0,0.0,0.0,0.0
1762448236.9649239,1,4294967294,0,0,0,0,0,0,0,0,0.0,0.0,0.0,0.0,0.0,0.0
1762448236.9649239,1,1,49224,19471752,562,227076,0,0,0,0,6336.697279022646,4211283.251825652,8.933313833208619,6142.1495555438805,0.0,0.0
1762448236.9649239,1,2,9767130,9763446,113895,113855,0,0,0,0,2114694.050597144,2114932.272299363,3083.9784533087973,3084.9710437347094,0.0,0.0
1762448236.9649239,1,3,9725138,9789928,113419,114172,0,0,0,0,2107547.399530577,2116869.808810743,3074.0525490496766,3086.9562245865336,0.0,0.0
1762448237.969145,1,4294967294,0,0,0,0,0,0,0,0,0.0,0.0,0.0,0.0,0.0,0.0
1762448237.969145,1,1,49224,19471752,562,227076,0,0,0,0,0.0,0.0,0.0,0.0,0.0,0.0
1762448237.969145,1,2,9767130,9763446,113895,113855,0,0,0,0,0.0,0.0,0.0,0.0,0.0,0.0
1762448237.969145,1,3,9725138,9789928,113419,114172,0,0,0,0,0.0,0.0,0.0,0.0,0.0,0.0
1762448237.969145,3,4294967294,0,0,0,0,0,0,0,0,0.0,0.0,0.0,0.0,0.0,0.0
1762448237.969145,3,1,9789928,9725138,114172,113419,0,0,0,0,2118226.5401313244,2114354.8831733265,3088.960875439725,3083.98189272625,0.0,0.0
1762448237.969145,3,2,9758914,9756840,113813,113786,0,0,0,0,2119023.1773654805,2113446.716726389,3090.952468525115,3082.986096183555,0.0,0.0
1762448237.969145,2,4294967294,0,0,0,0,0,0,0,0,0.0,0.0,0.0,0.0,0.0,0.0
1762448237.969145,2,1,47012,19449198,536,226813,0,0,0,0,6357.16512856454,4225937.46877179,8.96216888425452,6163.98059928172,0.0,0.0
1762448237.969145,2,2,9763446,9767130,113855,113895,0,0,0,0,2115597.6372586098,2116043.754109737,3085.97348581164,3085.97348581164,0.0,0.0
1762448237.969145,2,3,9756840,9758914,113786,113813,0,0,0,0,2113446.716726389,2119023.1773654805,3082.986096183555,3090.952468525115,0.0,0.0
1762448238.9758067,3,4294967294,0,0,0,0,0,0,0,0,0.0,0.0,0.0,0.0,0.0,0.0
1762448238.9758067,3,1,9789928,9725138,114172,113419,0,0,0,0,0.0,0.0,0.0,0.0,0.0,0.0
1762448238.9758067,3,2,9758914,9756840,113813,113786,0,0,0,0,0.0,0.0,0.0,0.0,0.0,0.0
1762448238.9758067,2,4294967294,0,0,0,0,0,0,0,0,0.0,0.0,0.0,0.0,0.0,0.0
1762448238.9758067,2,1,47012,19449198,536,226813,0,0,0,0,0.0,0.0,0.0,0.0,0.0,0.0
1762448238.9758067,2,2,9763446,9767130,113855,113895,0,0,0,0,0.0,0.0,0.0,0.0,0.0,0.0
1762448238.9758067,2,3,9756840,9758914,113786,113813,0,0,0,0,0.0,0.0,0.0,0.0,0.0,0.0
1762448238.9758067,1,4294967294,0,0,0,0,0,0,0,0,0.0,0.0,0.0,0.0,0.0,0.0
1762448238.9758067,1,1,49936,19999386,570,233233,0,0,0,0,5658.306323768516,4193138.7624090975,7.947059443495108,6116.255624199922,0.0,0.0
1762448238.9758067,1,2,10030828,10027246,116972,116933,0,0,0,0,2095623.681130773,2096434.2811940094,3056.6377384543057,3057.631120884743,0.0,0.0
1762448238.9758067,1,3,9989076,10053360,116500,117246,0,0,0,0,2097530.9753972115,2093509.7633188032,3060.6112681760533,3053.6575911629952,0.0,0.0
1762448239.9819922,1,4294967294,0,0,0,0,0,0,0,0,0.0,0.0,0.0,0.0,0.0,0.0
1762448239.9819922,1,1,49936,19999386,570,233233,0,0,0,0,0.0,0.0,0.0,0.0,0.0,0.0
1762448239.9819922,1,2,10030828,10027246,116972,116933,0,0,0,0,0.0,0.0,0.0,0.0,0.0,0.0
1762448239.9819922,1,3,9989076,10053360,116500,117246,0,0,0,0,0.0,0.0,0.0,0.0,0.0,0.0
1762448239.9819922,3,4294967294,0,0,0,0,0,0,0,0,0.0,0.0,0.0,0.0,0.0,0.0
1762448239.9819922,3,1,10054134,9989076,117255,116500,0,0,0,0,2100654.3361887736,2098523.516441688,3064.0472389300344,3062.059533942081,0.0,0.0
1762448239.9819922,3,2,10023116,10020620,116896,116866,0,0,0,0,2100622.5329089663,2097267.286889301,3064.0472389300344,3061.0656814481044,0.0,0.0
1762448239.9819922,2,4294967294,0,0,0,0,0,0,0,0,0.0,0.0,0.0,0.0,0.0,0.0
1762448239.9819922,2,1,47724,19976696,544,232968,0,0,0,0,5660.98380569104,4194041.6229415904,7.9508199518132585,6117.162100426326,0.0,0.0
1762448239.9819922,2,2,10027848,10031516,116940,116980,0,0,0,0,2102212.6968993293,2102085.4837801,3066.0349439179877,3066.0349439179877,0.0,0.0
1762448239.9819922,2,3,10020620,10023116,116866,116896,0,0,0,0,2097267.286889301,2100622.5329089663,3061.0656814481044,3064.0472389300344,0.0,0.0
1762448240.9863713,3,4294967294,0,0,0,0,0,0,0,0,0.0,0.0,0.0,0.0,0.0,0.0
1762448240.9863713,3,1,10054134,9989076,117255,116500,0,0,0,0,0.0,0.0,0.0,0.0,0.0,0.0
1762448240.9863713,3,2,10023116,10020620,116896,116866,0,0,0,0,0.0,0.0,0.0,0.0,0.0,0.0
1762448240.9863713,2,4294967294,0,0,0,0,0,0,0,0,0.0,0.0,0.0,0.0,0.0,0.0
1762448240.9863713,2,1,47724,19976696,544,232968,0,0,0,0,0.0,0.0,0.0,0.0,0.0,0.0
1762448240.9863713,2,2,10027848,10031516,116940,116980,0,0,0,0,0.0,0.0,0.0,0.0,0.0,0.0
1762448240.9863713,2,3,10020620,10023116,116866,116896,0,0,0,0,0.0,0.0,0.0,0.0,0.0,0.0
1762448240.9863713,1,4294967294,0,0,0,0,0,0,0,0,0.0,0.0,0.0,0.0,0.0,0.0
1762448240.9863713,1,1,50734,20533790,579,239469,0,0,0,0,6356.166132128524,4256592.237686731,8.96076052461728,6208.811403501484,0.0,0.0
1762448240.9863713,1,2,10299346,10296212,120105,120072,0,0,0,0,2138778.2173770512,2142346.5913459654,3119.340302625104,3125.314142974849,0.0,0.0
1762448240.9863713,1,3,10256496,10321608,119620,120376,0,0,0,0,2130032.515105025,2136627.634851143,3106.3969818673236,3116.3533824502315,0.0,0.0
1762448241.9939985,1,4294967294,0,0,0,0,0,0,0,0,0.0,0.0,0.0,0.0,0.0,0.0
1762448241.9939985,1,1,50734,20533790,579,239469,0,0,0,0,0.0,0.0,0.0,0.0,0.0,0.0
1762448241.9939985,1,2,10299346,10296212,120105,120072,0,0,0,0,0.0,0.0,0.0,0.0,0.0,0.0
1762448241.9939985,1,3,10256496,10321608,119620,120376,0,0,0,0,0.0,0.0,0.0,0.0,0.0,0.0
1762448241.9939985,3,4294967294,0,0,0,0,0,0,0,0,0.0,0.0,0.0,0.0,0.0,0.0
1762448241.9939985,3,1,10321608,10256496,120376,119620,0,0,0,0,2123594.8140789983,2123166.0841091312,3097.3755461935334,3096.3831157077298,0.0,0.0
1762448241.9939985,3,2,10291082,10288150,120023,119987,0,0,0,0,2127501.0204711217,2124039.4229366384,3103.3301291083562,3097.3755461935334,0.0,0.0
1762448241.9939985,2,4294967294,0,0,0,0,0,0,0,0,0.0,0.0,0.0,0.0,0.0,0.0
1762448241.9939985,2,1,48436,20511288,552,239206,0,0,0,0,5652.884047138215,4244363.186134428,7.939443886430077,6190.781370443852,0.0,0.0
1762448241.9939985,2,2,10296212,10299346,120072,120105,0,0,0,0,2130660.919137921,2126421.2561025675,3108.292281537375,3101.3452681367485,0.0,0.0
1762448241.9939985,2,3,10288150,10291082,119987,120023,0,0,0,0,2124039.4229366384,2127501.0204711217,3097.3755461935334,3103.3301291083562,0.0,0.0
1762448242.9999335,3,4294967294,0,0,0,0,0,0,0,0,0.0,0.0,0.0,0.0,0.0,0.0
1762448242.9999335,3,1,10321608,10256496,120376,119620,0,0,0,0,0.0,0.0,0.0,0.0,0.0,0.0
1762448242.9999335,3,2,10291082,10288150,120023,119987,0,0,0,0,0.0,0.0,0.0,0.0,0.0,0.0
1762448242.9999335,2,4294967294,0,0,0,0,0,0,0,0,0.0,0.0,0.0,0.0,0.0,0.0
1762448242.9999335,2,1,48436,20511288,552,239206,0,0,0,0,0.0,0.0,0.0,0.0,0.0,0.0
1762448242.9999335,2,2,10296212,10299346,120072,120105,0,0,0,0,0.0,0.0,0.0,0.0,0.0,0.0
1762448242.9999335,2,3,10288150,10291082,119987,120023,0,0,0,0,0.0,0.0,0.0,0.0,0.0,0.0
1762448242.9999335,1,4294967294,0,0,0,0,0,0,0,0,0.0,0.0,0.0,0.0,0.0,0.0
1762448242.9999335,1,1,51446,21069712,587,245722,0,0,0,0,5662.393954110225,4262080.748138567,7.952800497345822,6216.107688737928,0.0,0.0
1762448242.9999335,1,2,10566688,10563742,123224,123193,0,0,0,0,2126117.5905614267,2127612.7170549277,3100.598093902702,3102.586294027039,0.0,0.0
1762448242.9999335,1,3,10523176,10589668,122732,123504,0,0,0,0,2120852.8366321838,2131827.701318521,3093.6393934675248,3109.5449944622164,0.0,0.0
1762448244.0072386,1,4294967294,0,0,0,0,0,0,0,0,0.0,0.0,0.0,0.0,0.0,0.0
1762448244.0072386,1,1,51446,21069712,587,245722,0,0,0,0,0.0,0.0,0.0,0.0,0.0,0.0
1762448244.0072386,1,2,10566688,10563742,123224,123193,0,0,0,0,0.0,0.0,0.0,0.0,0.0,0.0
1762448244.0072386,1,3,10523176,10589668,122732,123504,0,0,0,0,0.0,0.0,0.0,0.0,0.0,0.0
1762448244.0072386,3,4294967294,0,0,0,0,0,0,0,0,0.0,0.0,0.0,0.0,0.0,0.0
1762448244.0072386,3,1,10589668,10523176,123504,122732,0,0,0,0,2128927.872634525,2117967.9365596324,3105.3152212195,3089.4312558935694,0.0,0.0
1762448244.0072386,3,2,10558744,10555054,123146,123101,0,0,0,0,2125766.963534665,2119746.940676137,3100.351482055147,3091.416751559311,0.0,0.0
1762448244.0072386,2,4294967294,0,0,0,0,0,0,0,0,0.0,0.0,0.0,0.0,0.0,0.0
1762448244.0072386,2,1,49148,21045690,560,245441,0,0,0,0,5654.691656031418,4244211.419054075,7.941982662965474,6189.782737948716,0.0,0.0
1762448244.0072386,2,2,10563742,10566688,123193,123224,0,0,0,0,2124718.621823153,2123225.5290825157,3098.3659863894054,3096.380490723664,0.0,0.0
1762448244.0072386,2,3,10555054,10558744,123101,123146,0,0,0,0,2119746.940676137,2125766.963534665,3091.416751559311,3100.351482055147,0.0,0.0
1762448245.0120676,3,4294967294,0,0,0,0,0,0,0,0,0.0,0.0,0.0,0.0,0.0,0.0
1762448245.0120676,3,1,10589668,10523176,123504,122732,0,0,0,0,0.0,0.0,0.0,0.0,0.0,0.0
1762448245.0120676,3,2,10558744,10555054,123146,123101,0,0,0,0,0.0,0.0,0.0,0.0,0.0,0.0
1762448245.0120676,2,4294967294,0,0,0,0,0,0,0,0,0.0,0.0,0.0,0.0,0.0,0.0
1762448245.0120676,2,1,49148,21045690,560,245441,0,0,0,0,0.0,0.0,0.0,0.0,0.0,0.0
1762448245.0120676,2,2,10563742,10566688,123193,123224,0,0,0,0,0.0,0.0,0.0,0.0,0.0,0.0
1762448245.0120676,2,3,10555054,10558744,123101,123146,0,0,0,0,0.0,0.0,0.0,0.0,0.0,0.0
1762448245.0120676,1,4294967294,0,0,0,0,0,0,0,0,0.0,0.0,0.0,0.0,0.0,0.0
1762448245.0120676,1,1,52158,21605642,595,251975,0,0,0,0,5668.626599515299,4266835.749267183,7.961554212802386,6222.949811581665,0.0,0.0
1762448245.0120676,1,2,10835158,10832346,126357,126327,0,0,0,0,2137438.4595110565,2138505.3077755724,3117.9436685887345,3118.938862865335,0.0,0.0
1762448245.0120676,1,3,10791338,10858538,125861,126641,0,0,0,0,2134986.3008135133,2140623.0811961778,3113.9628914823334,3121.9244456951355,0.0,0.0
1762448246.0186317,1,4294967294,0,0,0,0,0,0,0,0,0.0,0.0,0.0,0.0,0.0,0.0
1762448246.0186317,1,1,52158,21605642,595,251975,0,0,0,0,0.0,0.0,0.0,0.0,0.0,0.0
1762448246.0186317,1,2,10835158,10832346,126357,126327,0,0,0,0,0.0,0.0,0.0,0.0,0.0,0.0
1762448246.0186317,1,3,10791338,10858538,125861,126641,0,0,0,0,0.0,0.0,0.0,0.0,0.0,0.0
1762448246.0186317,3,4294967294,0,0,0,0,0,0,0,0,0.0,0.0,0.0,0.0,0.0,0.0
1762448246.0186317,3,1,10858538,10791338,126641,125861,0,0,0,0,2136932.8727690987,2131305.8096013204,3116.5425772104836,3108.5947478774638,0.0,0.0
1762448246.0186317,3,2,10826922,10823130,126275,126229,0,0,0,0,2131432.9748706487,2130622.2962786807,3108.5947478774638,3107.601269210836,0.0,0.0
1762448246.0186317,2,4294967294,0,0,0,0,0,0,0,0,0.0,0.0,0.0,0.0,0.0,0.0
1762448246.0186317,2,1,49860,21581516,568,251694,0,0,0,0,5658.85448511027,4258653.600194797,7.947829333020041,6212.22210242179,0.0,0.0
1762448246.0186317,2,2,10833026,10835330,126335,126359,0,0,0,0,2140223.2741129687,2135120.76768117,3121.5099705436214,3114.5556198772288,0.0,0.0
1762448246.0186317,2,3,10823818,10826922,126237,126275,0,0,0,0,2136090.4028597986,2131432.9748706487,3115.5490985438564,3108.5947478774638,0.0,0.0
1762448247.0248642,3,4294967294,0,0,0,0,0,0,0,0,0.0,0.0,0.0,0.0,0.0,0.0
1762448247.0248642,3,1,10858538,10791338,126641,125861,0,0,0,0,0.0,0.0,0.0,0.0,0.0,0.0
1762448247.0248642,3,2,10826922,10823130,126275,126229,0,0,0,0,0.0,0.0,0.0,0.0,0.0,0.0
1762448247.0248642,2,4294967294,0,0,0,0,0,0,0,0,0.0,0.0,0.0,0.0,0.0,0.0
1762448247.0248642,2,1,49860,21581516,568,251694,0,0,0,0,0.0,0.0,0.0,0.0,0.0,0.0
1762448247.0248642,2,2,10833026,10835330,126335,126359,0,0,0,0,0.0,0.0,0.0,0.0,0.0,0.0
1762448247.0248642,2,3,10823818,10826922,126237,126275,0,0,0,0,0.0,0.0,0.0,0.0,0.0,0.0
1762448247.0248642,1,4294967294,0,0,0,0,0,0,0,0,0.0,0.0,0.0,0.0,0.0,0.0
1762448247.0248642,1,1,52870,22140220,603,258212,0,0,0,0,5660.719564880007,4250135.033082057,7.950448827078661,6198.368666811201,0.0,0.0
1762448247.0248642,1,2,11103980,11100126,129494,129451,0,0,0,0,2137255.55459294,2128971.186915124,3117.56974631822,3104.650266974217,0.0,0.0
1762448247.0248642,1,3,11058762,11126646,128981,129769,0,0,0,0,2126140.8271326837,2131578.9341304055,3100.675042560678,3108.6254913877565,0.0,0.0
1762448248.0317287,1,4294967294,0,0,0,0,0,0,0,0,0.0,0.0,0.0,0.0,0.0,0.0
1762448248.0317287,1,1,52870,22140220,603,258212,0,0,0,0,0.0,0.0,0.0,0.0,0.0,0.0
1762448248.0317287,1,2,11103980,11100126,129494,129451,0,0,0,0,0.0,0.0,0.0,0.0,0.0,0.0
1762448248.0317287,1,3,11058762,11126646,128981,129769,0,0,0,0,0.0,0.0,0.0,0.0,0.0,0.0
1762448248.0317287,3,4294967294,0,0,0,0,0,0,0,0,0.0,0.0,0.0,0.0,0.0,0.0
1762448248.0317287,3,1,11126646,11058762,129769,128981,0,0,0,0,2130240.859941616,2124806.1666530906,3106.674087446745,3098.7286294225846,0.0,0.0
1762448248.0317287,3,2,11094540,11092012,129398,129366,0,0,0,0,2126347.5855097775,2136390.6444523167,3101.708176181645,3115.6127277239257,0.0,0.0
1762448248.0317287,2,4294967294,0,0,0,0,0,0,0,0,0.0,0.0,0.0,0.0,0.0,0.0
1762448248.0317287,2,1,50658,22116100,577,257932,0,0,0,0,6340.475503280058,4247514.732387803,8.938640277180532,6195.47089433913,0.0,0.0
1762448248.0317287,2,2,11100126,11103980,129451,129494,0,0,0,0,2122231.8382532625,2134547.298190711,3094.7559004105046,3113.6263632178857,0.0,0.0
1762448248.0317287,2,3,11092012,11094540,129366,129398,0,0,0,0,2130924.169331694,2126347.5855097775,3107.6672696997653,3101.708176181645,0.0,0.0
1762448249.0379856,3,4294967294,0,0,0,0,0,0,0,0,0.0,0.0,0.0,0.0,0.0,0.0
1762448249.0379856,3,1,11126646,11058762,129769,128981,0,0,0,0,0.0,0.0,0.0,0.0,0.0,0.0
1762448249.0379856,3,2,11094540,11092012,129398,129366,0,0,0,0,0.0,0.0,0.0,0.0,0.0,0.0
1762448249.0379856,2,4294967294,0,0,0,0,0,0,0,0,0.0,0.0,0.0,0.0,0.0,0.0
1762448249.0379856,2,1,50658,22116100,577,257932,0,0,0,0,0.0,0.0,0.0,0.0,0.0,0.0
1762448249.0379856,2,2,11100126,11103980,129451,129494,0,0,0,0,0.0,0.0,0.0,0.0,0.0,0.0
1762448249.0379856,2,3,11092012,11094540,129366,129398,0,0,0,0,0.0,0.0,0.0,0.0,0.0,0.0
1762448249.0379856,1,4294967294,0,0,0,0,0,0,0,0,0.0,0.0,0.0,0.0,0.0,0.0
1762448249.0379856,1,1,53582,22674822,611,264449,0,0,0,0,5660.582759533302,4250223.124174189,7.950256684737784,6198.218867838695,0.0,0.0
1762448249.0379856,1,2,11370740,11367570,132606,132571,0,0,0,0,2120810.473220651,2126248.4487930117,3092.6498503629978,3100.600107047736,0.0,0.0
1762448249.0379856,1,3,11326670,11395058,132107,132901,0,0,0,0,2129937.36789473,2133944.297263838,3106.562799561289,3112.5254920748425,0.0,0.0
1762448250.0423818,1,4294967294,0,0,0,0,0,0,0,0,0.0,0.0,0.0,0.0,0.0,0.0
1762448250.0423818,1,1,53582,22674822,611,264449,0,0,0,0,0.0,0.0,0.0,0.0,0.0,0.0
1762448250.0423818,1,2,11370740,11367570,132606,132571,0,0,0,0,0.0,0.0,0.0,0.0,0.0,0.0
1762448250.0423818,1,3,11326670,11395058,132107,132901,0,0,0,0,0.0,0.0,0.0,0.0,0.0,0.0
1762448250.0423818,3,4294967294,0,0,0,0,0,0,0,0,0.0,0.0,0.0,0.0,0.0,0.0
1762448250.0423818,3,1,11395058,11326670,132901,132107,0,0,0,0,2137897.375174322,2133883.0230697673,3118.291366931237,3112.317628680411,0.0,0.0
1762448250.0423818,3,2,11362440,11359002,132524,132481,0,0,0,0,2133819.3031950914,2126571.167450756,3112.317628680411,3101.365775220563,0.0,0.0
1762448250.0423818,2,4294967294,0,0,0,0,0,0,0,0,0.0,0.0,0.0,0.0,0.0,0.0
1762448250.0423818,2,1,51370,22650576,585,264168,0,0,0,0,5671.0688461176005,4257092.967131391,7.964984334434833,6208.705288691952,0.0,0.0
1762448250.0423818,2,2,11367570,11371436,132571,132614,0,0,0,0,2130187.2703385893,2130282.8501506024,3106.343890429585,3106.343890429585,0.0,0.0
1762448250.0423818,2,3,11359002,11362440,132481,132524,0,0,0,0,2126571.167450756,2133819.3031950914,3101.365775220563,3112.317628680411,0.0,0.0
1762448251.0499597,3,4294967294,0,0,0,0,0,0,0,0,0.0,0.0,0.0,0.0,0.0,0.0
1762448251.0499597,3,1,11395058,11326670,132901,132107,0,0,0,0,0.0,0.0,0.0,0.0,0.0,0.0
1762448251.0499597,3,2,11362440,11359002,132524,132481,0,0,0,0,0.0,0.0,0.0,0.0,0.0,0.0
1762448251.0499597,2,4294967294,0,0,0,0,0,0,0,0,0.0,0.0,0.0,0.0,0.0,0.0
1762448251.0499597,2,1,51370,22650576,585,264168,0,0,0,0,0.0,0.0,0.0,0.0,0.0,0.0
1762448251.0499597,2,2,11367570,11371436,132571,132614,0,0,0,0,0.0,0.0,0.0,0.0,0.0,0.0
1762448251.0499597,2,3,11359002,11362440,132481,132524,0,0,0,0,0.0,0.0,0.0,0.0,0.0,0.0
1762448251.0499597,1,4294967294,0,0,0,0,0,0,0,0,0.0,0.0,0.0,0.0,0.0,0.0
1762448251.0499597,1,1,54294,23208056,619,270670,0,0,0,0,5653.1609337051195,4233788.788375443,7.939832772057752,6174.212459371409,0.0,0.0
1762448251.0499597,1,2,11638696,11634842,135732,135689,0,0,0,0,2127525.830269507,2122094.9846534193,3102.4896556815665,3094.5498229095087,0.0,0.0
1762448251.0499597,1,3,11593156,11662002,135216,136015,0,0,0,0,2115854.276094582,2119490.7195041846,3085.6175110409436,3090.57990652348,0.0,0.0
1762448252.0566602,1,4294967294,0,0,0,0,0,0,0,0,0.0,0.0,0.0,0.0,0.0,0.0
1762448252.0566602,1,1,54294,23208056,619,270670,0,0,0,0,0.0,0.0,0.0,0.0,0.0,0.0
1762448252.0566602,1,2,11638696,11634842,135732,135689,0,0,0,0,0.0,0.0,0.0,0.0,0.0,0.0
1762448252.0566602,1,3,11593156,11662002,135216,136015,0,0,0,0,0.0,0.0,0.0,0.0,0.0,0.0
1762448252.0566602,3,4294967294,0,0,0,0,0,0,0,0,0.0,0.0,0.0,0.0,0.0,0.0
1762448252.0566602,3,1,11662002,11593156,136015,135216,0,0,0,0,2121337.9417166696,2117698.328998998,3093.2734723882677,3088.3067519765973,0.0,0.0
1762448252.0566602,3,2,11629466,11626078,135639,135597,0,0,0,0,2121989.575434681,2122386.9130676147,3094.2668164706015,3095.2601605529358,0.0,0.0
1762448252.0566602,2,4294967294,0,0,0,0,0,0,0,0,0.0,0.0,0.0,0.0,0.0,0.0
1762448252.0566602,2,1,52082,23183854,593,270389,0,0,0,0,5658.087892974814,4237828.364311549,7.946752658672492,6179.5935362001965,0.0,0.0
1762448252.0566602,2,2,11634842,11638696,135689,135732,0,0,0,0,2123944.4765887144,2123849.11555681,3097.246848717604,3097.246848717604,0.0,0.0
1762448252.0566602,2,3,11626078,11629466,135597,135639,0,0,0,0,2122386.9130676147,2121989.575434681,3095.2601605529358,3094.2668164706015,0.0,0.0
1762448253.0637126,3,4294967294,0,0,0,0,0,0,0,0,0.0,0.0,0.0,0.0,0.0,0.0
1762448253.0637126,3,1,11662002,11593156,136015,135216,0,0,0,0,0.0,0.0,0.0,0.0,0.0,0.0
1762448253.0637126,3,2,11629466,11626078,135639,135597,0,0,0,0,0.0,0.0,0.0,0.0,0.0,0.0
1762448253.0637126,2,4294967294,0,0,0,0,0,0,0,0,0.0,0.0,0.0,0.0,0.0,0.0
1762448253.0637126,2,1,52082,23183854,593,270389,0,0,0,0,0.0,0.0,0.0,0.0,0.0,0.0
1762448253.0637126,2,2,11634842,11638696,135689,135732,0,0,0,0,0.0,0.0,0.0,0.0,0.0,0.0
1762448253.0637126,2,3,11626078,11629466,135597,135639,0,0,0,0,0.0,0.0,0.0,0.0,0.0,0.0
1762448253.0637126,1,4294967294,0,0,0,0,0,0,0,0,0.0,0.0,0.0,0.0,0.0,0.0
1762448253.0637126,1,1,55006,23738570,627,276859,0,0,0,0,5656.110722737651,4214390.342643879,7.943975734182094,6145.658227356623,0.0,0.0
1762448253.0637126,1,2,11904418,11901192,138831,138796,0,0,0,0,2110889.1200383343,2115877.936799401,3077.2976000287886,3085.2415757629706,0.0,0.0
1762448253.0637126,1,3,11859212,11927358,138320,139111,0,0,0,0,2113542.4079335514,2107981.6249196236,3082.2625848626526,3074.3186091284706,0.0,0.0
1762448254.070982,1,4294967294,0,0,0,0,0,0,0,0,0.0,0.0,0.0,0.0,0.0,0.0
1762448254.070982,1,1,55006,23738570,627,276859,0,0,0,0,0.0,0.0,0.0,0.0,0.0,0.0
1762448254.070982,1,2,11904418,11901192,138831,138796,0,0,0,0,0.0,0.0,0.0,0.0,0.0,0.0
1762448254.070982,1,3,11859212,11927358,138320,139111,0,0,0,0,0.0,0.0,0.0,0.0,0.0,0.0
1762448254.070982,3,4294967294,0,0,0,0,0,0,0,0,0.0,0.0,0.0,0.0,0.0,0.0
1762448254.070982,3,1,11927358,11859212,139111,138320,0,0,0,0,2107527.575969858,2113087.161218275,3073.6564159104564,3081.5986805510515,0.0,0.0
1762448254.070982,3,2,11895242,11890832,138739,138686,0,0,0,0,2110863.327118908,2102746.3326562196,3077.6275482307537,3066.706934349935,0.0,0.0
1762448254.070982,2,4294967294,0,0,0,0,0,0,0,0,0.0,0.0,0.0,0.0,0.0,0.0
1762448254.070982,2,1,52708,23714554,600,276579,0,0,0,0,4971.85766501278,4214959.844764029,6.949481560521058,6145.327265660763,0.0,0.0
1762448254.070982,2,2,11901192,11904418,138796,138831,0,0,0,0,2115422.1870226096,2110434.444828316,3084.577029791275,3076.6347651506794,0.0,0.0
1762448254.070982,2,3,11890832,11895242,138686,138739,0,0,0,0,2102746.3326562196,2110863.327118908,3066.706934349935,3077.6275482307537,0.0,0.0
1762448255.0756764,3,4294967294,0,0,0,0,0,0,0,0,0.0,0.0,0.0,0.0,0.0,0.0
1762448255.0756764,3,1,11927358,11859212,139111,138320,0,0,0,0,0.0,0.0,0.0,0.0,0.0,0.0
1762448255.0756764,3,2,11895242,11890832,138739,138686,0,0,0,0,0.0,0.0,0.0,0.0,0.0,0.0
1762448255.0756764,2,4294967294,0,0,0,0,0,0,0,0,0.0,0.0,0.0,0.0,0.0,0.0
1762448255.0756764,2,1,52708,23714554,600,276579,0,0,0,0,0.0,0.0,0.0,0.0,0.0,0.0
1762448255.0756764,2,2,11901192,11904418,138796,138831,0,0,0,0,0.0,0.0,0.0,0.0,0.0,0.0
1762448255.0756764,2,3,11890832,11895242,138686,138739,0,0,0,0,0.0,0.0,0.0,0.0,0.0,0.0
1762448255.0756764,1,4294967294,0,0,0,0,0,0,0,0,0.0,0.0,0.0,0.0,0.0,0.0
1762448255.0756764,1,1,55718,24275972,635,283128,0,0,0,0,5669.385287212084,4279127.797919028,7.962619785410231,6239.707929342092,0.0,0.0
1762448255.0756764,1,2,12173330,12170024,141967,141932,0,0,0,0,2141244.011734236,2140607.002151403,3121.3469558808106,3121.3469558808106,0.0,0.0
1762448255.0756764,1,3,12127610,12196944,141451,142256,0,0,0,0,2137151.225164535,2146610.8174696025,3116.370318514929,3130.304903139397,0.0,0.0
1762448256.0808556,1,4294967294,0,0,0,0,0,0,0,0,0.0,0.0,0.0,0.0,0.0,0.0
1762448256.0808556,1,1,55718,24275972,635,283128,0,0,0,0,0.0,0.0,0.0,0.0,0.0,0.0
1762448256.0808556,1,2,12173330,12170024,141967,141932,0,0,0,0,0.0,0.0,0.0,0.0,0.0,0.0
1762448256.0808556,1,3,12127610,12196944,141451,142256,0,0,0,0,0.0,0.0,0.0,0.0,0.0,0.0
1762448256.0808556,3,4294967294,0,0,0,0,0,0,0,0,0.0,0.0,0.0,0.0,0.0,0.0
1762448256.0808556,3,1,12196944,12127610,142256,141451,0,0,0,0,2145575.7055521705,2136120.6747338194,3128.795446518725,3114.8675812560023,0.0,0.0
1762448256.0808556,3,2,12164296,12160176,141878,141828,0,0,0,0,2141341.6345123025,2143649.6807558397,3122.8263614061293,3125.8109039624273,0.0,0.0
1762448256.0808556,2,4294967294,0,0,0,0,0,0,0,0,0.0,0.0,0.0,0.0,0.0,0.0
1762448256.0808556,2,1,53420,24251910,608,282847,0,0,0,0,5666.651466890511,4276698.26635171,7.958780150127122,6235.7042476246,0.0,0.0
1762448256.0808556,2,2,12170024,12173990,141932,141975,0,0,0,0,2139574.7853189744,2145464.2826300687,3119.8418188498317,3127.8005989999588,0.0,0.0
1762448256.0808556,2,3,12160176,12164296,141828,141878,0,0,0,0,2143649.6807558397,2141341.6345123025,3125.8109039624273,3122.8263614061293,0.0,0.0
1762448257.0853775,3,4294967294,0,0,0,0,0,0,0,0,0.0,0.0,0.0,0.0,0.0,0.0
1762448257.0853775,3,1,12196944,12127610,142256,141451,0,0,0,0,0.0,0.0,0.0,0.0,0.0,0.0
1762448257.0853775,3,2,12164296,12160176,141878,141828,0,0,0,0,0.0,0.0,0.0,0.0,0.0,0.0
1762448257.0853775,2,4294967294,0,0,0,0,0,0,0,0,0.0,0.0,0.0,0.0,0.0,0.0
1762448257.0853775,2,1,53420,24251910,608,282847,0,0,0,0,0.0,0.0,0.0,0.0,0.0,0.0
1762448257.0853775,2,2,12170024,12173990,141932,141975,0,0,0,0,0.0,0.0,0.0,0.0,0.0,0.0
1762448257.0853775,2,3,12160176,12164296,141828,141878,0,0,0,0,0.0,0.0,0.0,0.0,0.0,0.0
1762448257.0853775,1,4294967294,0,0,0,0,0,0,0,0,0.0,0.0,0.0,0.0,0.0,0.0
1762448257.0853775,1,1,56430,24813390,643,289397,0,0,0,0,5670.359503188734,4279990.538602083,7.963988066276313,6240.780148435775,0.0,0.0
1762448257.0853775,1,2,12442838,12438774,145111,145067,0,0,0,0,2146358.4957659966,2140321.792811759,3129.847310046591,3120.88782347203,0.0,0.0
1762448257.0853775,1,3,12396770,12465526,144591,145389,0,0,0,0,2143587.0279189325,2138983.842816625,3125.8653160134527,3118.896826455461,0.0,0.0
1762448258.0910106,1,4294967294,0,0,0,0,0,0,0,0,0.0,0.0,0.0,0.0,0.0,0.0
1762448258.0910106,1,1,56430,24813390,643,289397,0,0,0,0,0.0,0.0,0.0,0.0,0.0,0.0
1762448258.0910106,1,2,12442838,12438774,145111,145067,0,0,0,0,0.0,0.0,0.0,0.0,0.0,0.0
1762448258.0910106,1,3,12396770,12465526,144591,145389,0,0,0,0,0.0,0.0,0.0,0.0,0.0,0.0
1762448258.0910106,3,4294967294,0,0,0,0,0,0,0,0,0.0,0.0,0.0,0.0,0.0,0.0
1762448258.0910106,3,1,12466042,12397290,145395,144597,0,0,0,0,2140725.047976366,2145354.9671059106,3121.4166983765263,3128.377487445859,0.0,0.0
1762448258.0910106,3,2,12433194,12428198,145015,144955,0,0,0,0,2139134.010474804,2132165.2662179633,3119.427901499574,3109.483917114813,0.0,0.0
1762448258.0910106,2,4294967294,0,0,0,0,0,0,0,0,0.0,0.0,0.0,0.0,0.0,0.0
1762448258.0910106,2,1,54132,24789324,616,289116,0,0,0,0,5664.093505559954,4275229.139321624,7.955187507808923,6233.8838108067675,0.0,0.0
1762448258.0910106,2,2,12439204,12442838,145072,145111,0,0,0,0,2141377.373352006,2138736.2510994133,3122.4110968150026,3118.433503061098,0.0,0.0
1762448258.0910106,2,3,12427338,12432936,144945,145012,0,0,0,0,2125323.8049612474,2137081.572097789,3099.539932730052,3116.4447061841456,0.0,0.0
1762448259.09494,3,4294967294,0,0,0,0,0,0,0,0,0.0,0.0,0.0,0.0,0.0,0.0
1762448259.09494,3,1,12466042,12397290,145395,144597,0,0,0,0,0.0,0.0,0.0,0.0,0.0,0.0
1762448259.09494,3,2,12433194,12428198,145015,144955,0,0,0,0,0.0,0.0,0.0,0.0,0.0,0.0
1762448259.09494,2,4294967294,0,0,0,0,0,0,0,0,0.0,0.0,0.0,0.0,0.0,0.0
1762448259.09494,2,1,54132,24789324,616,289116,0,0,0,0,0.0,0.0,0.0,0.0,0.0,0.0
1762448259.09494,2,2,12439204,12442838,145072,145111,0,0,0,0,0.0,0.0,0.0,0.0,0.0,0.0
1762448259.09494,2,3,12427338,12432936,144945,145012,0,0,0,0,0.0,0.0,0.0,0.0,0.0,0.0
1762448259.09494,1,4294967294,0,0,0,0,0,0,0,0,0.0,0.0,0.0,0.0,0.0,0.0
1762448259.09494,1,1,57142,25349490,651,295651,0,0,0,0,5673.705872895434,4272013.649521408,7.968688023729542,6229.5218625505695,0.0,0.0
1762448259.09494,1,2,12711030,12707422,148239,148201,0,0,0,0,2137138.3784600734,2140772.100198894,3115.757017278251,3121.7335332960483,0.0,0.0
1762448259.09494,1,3,12665770,12734354,147729,148525,0,0,0,0,2143577.078383247,2142206.4640431656,3125.717877307913,3123.7257053019807,0.0,0.0
1762448260.1029286,1,4294967294,0,0,0,0,0,0,0,0,0.0,0.0,0.0,0.0,0.0,0.0
1762448260.1029286,1,1,57142,25349490,651,295651,0,0,0,0,0.0,0.0,0.0,0.0,0.0,0.0
1762448260.1029286,1,2,12711030,12707422,148239,148201,0,0,0,0,0.0,0.0,0.0,0.0,0.0,0.0
1762448260.1029286,1,3,12665770,12734354,147729,148525,0,0,0,0,0.0,0.0,0.0,0.0,0.0,0.0
1762448260.1029286,3,4294967294,0,0,0,0,0,0,0,0,0.0,0.0,0.0,0.0,0.0,0.0
1762448260.1029286,3,1,12734354,12665770,148525,147729,0,0,0,0,2129484.2079705074,2130817.556262567,3105.1935670728894,3107.1777163170254,0.0,0.0
1762448260.1029286,3,2,12702076,12696048,148152,148080,0,0,0,0,2134008.0682471376,2125817.500167344,3112.1380894273657,3100.233193962549,0.0,0.0
1762448260.1029286,2,4294967294,0,0,0,0,0,0,0,0,0.0,0.0,0.0,0.0,0.0,0.0
1762448260.1029286,2,1,54844,25325506,624,295371,0,0,0,0,5650.857047299418,4255460.440077383,7.936596976544126,6205.426761035439,0.0,0.0
1762448260.1029286,2,2,12707422,12711600,148201,148246,0,0,0,0,2128738.1678547123,2133055.6766099525,3104.2014924508217,3110.1539401832297,0.0,0.0
1762448260.1029286,2,3,12696048,12702076,148080,148152,0,0,0,0,2132642.9735671724,2136055.710267086,3110.1539401832297,3115.1143132935695,0.0,0.0
1762448261.1089962,3,4294967294,0,0,0,0,0,0,0,0,0.0,0.0,0.0,0.0,0.0,0.0
1762448261.1089962,3,1,12734354,12665770,148525,147729,0,0,0,0,0.0,0.0,0.0,0.0,0.0,0.0
1762448261.1089962,3,2,12702076,12696048,148152,148080,0,0,0,0,0.0,0.0,0.0,0.0,0.0,0.0
1762448261.1089962,2,4294967294,0,0,0,0,0,0,0,0,0.0,0.0,0.0,0.0,0.0,0.0
1762448261.1089962,2,1,54844,25325506,624,295371,0,0,0,0,0.0,0.0,0.0,0.0,0.0,0.0
1762448261.1089962,2,2,12707422,12711600,148201,148246,0,0,0,0,0.0,0.0,0.0,0.0,0.0,0.0
1762448261.1089962,2,3,12696048,12702076,148080,148152,0,0,0,0,0.0,0.0,0.0,0.0,0.0,0.0
1762448261.1089962,1,4294967294,0,0,0,0,0,0,0,0,0.0,0.0,0.0,0.0,0.0,0.0
1762448261.1089962,1,1,57768,25863632,658,301648,0,0,0,0,4977.797144050848,4088329.9987804973,6.957783547994397,5960.8325624746285,0.0,0.0
1762448261.1089962,1,2,12969390,12965808,151253,151214,0,0,0,0,2054414.8085255227,2054621.554093806,2995.82280195073,2994.828832872445,0.0,0.0
1762448261.1089962,1,3,12922138,12991830,150719,151529,0,0,0,0,2038574.9172939744,2047385.4592038917,2971.9675440718925,2985.883111167881,0.0,0.0
1762448262.114472,1,4294967294,0,0,0,0,0,0,0,0,0.0,0.0,0.0,0.0,0.0,0.0
1762448262.114472,1,1,57768,25863632,658,301648,0,0,0,0,0.0,0.0,0.0,0.0,0.0,0.0
1762448262.114472,1,2,12969390,12965808,151253,151214,0,0,0,0,0.0,0.0,0.0,0.0,0.0,0.0
1762448262.114472,1,3,12922138,12991830,150719,151529,0,0,0,0,0.0,0.0,0.0,0.0,0.0,0.0
1762448262.114472,3,4294967294,0,0,0,0,0,0,0,0,0.0,0.0,0.0,0.0,0.0,0.0
1762448262.114472,3,1,12991830,12922138,151529,150719,0,0,0,0,2048590.4115794313,2039774.68438144,2987.6403996802674,2973.716642824234,0.0,0.0
1762448262.114472,3,2,12959428,12954270,151154,151091,0,0,0,0,2047603.8139507752,2054525.9102163462,2985.6512915579765,2994.602278108284,0.0,0.0
1762448262.114472,2,4294967294,0,0,0,0,0,0,0,0,0.0,0.0,0.0,0.0,0.0,0.0
1762448262.114472,2,1,55556,25839648,632,301368,0,0,0,0,5664.979932283223,4090736.112842642,7.95643248916183,5964.3407046879365,0.0,0.0
1762448262.114472,2,2,12965808,12969390,151214,151253,0,0,0,0,2055830.7651445686,2051088.7313810282,2996.5913862305742,2990.624061863703,0.0,0.0
1762448262.114472,2,3,12954270,12959428,151091,151154,0,0,0,0,2054525.9102163462,2047603.8139507752,2994.602278108284,2985.6512915579765,0.0,0.0
1762448263.118825,3,4294967294,0,0,0,0,0,0,0,0,0.0,0.0,0.0,0.0,0.0,0.0
1762448263.118825,3,1,12991830,12922138,151529,150719,0,0,0,0,0.0,0.0,0.0,0.0,0.0,0.0
1762448263.118825,3,2,12959428,12954270,151154,151091,0,0,0,0,0.0,0.0,0.0,0.0,0.0,0.0
1762448263.118825,2,4294967294,0,0,0,0,0,0,0,0,0.0,0.0,0.0,0.0,0.0,0.0
1762448263.118825,2,1,55556,25839648,632,301368,0,0,0,0,0.0,0.0,0.0,0.0,0.0,0.0
1762448263.118825,2,2,12965808,12969390,151214,151253,0,0,0,0,0.0,0.0,0.0,0.0,0.0,0.0
1762448263.118825,2,3,12954270,12959428,151091,151154,0,0,0,0,0.0,0.0,0.0,0.0,0.0,0.0
1762448263.118825,1,4294967294,0,0,0,0,0,0,0,0,0.0,0.0,0.0,0.0,0.0,0.0
1762448263.118825,1,1,58394,26395636,665,307854,0,0,0,0,4986.294428900987,4237585.59321572,6.969660743272146,6179.102081820992,0.0,0.0
1762448263.118825,1,2,13235318,13231592,154355,154314,0,0,0,0,2118203.3624421433,2117056.3554169647,3088.5553750900285,3086.5640434490933,0.0,0.0
1762448263.118825,1,3,13188128,13258108,153822,154636,0,0,0,0,2118697.212689095,2120991.226739452,3089.551040910496,3093.533704192366,0.0,0.0
1762448264.1266072,1,4294967294,0,0,0,0,0,0,0,0,0.0,0.0,0.0,0.0,0.0,0.0
1762448264.1266072,1,1,58394,26395636,665,307854,0,0,0,0,0.0,0.0,0.0,0.0,0.0,0.0
1762448264.1266072,1,2,13235318,13231592,154355,154314,0,0,0,0,0.0,0.0,0.0,0.0,0.0,0.0
1762448264.1266072,1,3,13188128,13258108,153822,154636,0,0,0,0,0.0,0.0,0.0,0.0,0.0,0.0
1762448264.1266072,3,4294967294,0,0,0,0,0,0,0,0,0.0,0.0,0.0,0.0,0.0,0.0
1762448264.1266072,3,1,13258628,13188730,154642,153829,0,0,0,0,2117902.0187714766,2116266.74483439,3088.9610231502893,3085.9841895269515,0.0,0.0
1762448264.1266072,3,2,13225704,13219944,154260,154190,0,0,0,0,2113758.2663677903,2108979.4561244585,3082.015078029168,3075.069132908046,0.0,0.0
1762448264.1266072,2,4294967294,0,0,0,0,0,0,0,0,0.0,0.0,0.0,0.0,0.0,0.0
1762448264.1266072,2,1,56182,26371562,639,307573,0,0,0,0,4969.327595225393,4222451.946464409,6.945945121121756,6157.084210937213,0.0,0.0
1762448264.1266072,2,2,13232108,13236092,154320,154364,0,0,0,0,2113948.783719684,2117139.949363902,3082.015078029168,3086.9764674013973,0.0,0.0
1762448264.1266072,2,3,13219944,13225704,154190,154260,0,0,0,0,2108979.4561244585,2113758.2663677903,3075.069132908046,3082.015078029168,0.0,0.0
1762448265.1312852,3,4294967294,0,0,0,0,0,0,0,0,0.0,0.0,0.0,0.0,0.0,0.0
1762448265.1312852,3,1,13258628,13188730,154642,153829,0,0,0,0,0.0,0.0,0.0,0.0,0.0,0.0
1762448265.1312852,3,2,13225704,13219944,154260,154190,0,0,0,0,0.0,0.0,0.0,0.0,0.0,0.0
1762448265.1312852,2,4294967294,0,0,0,0,0,0,0,0,0.0,0.0,0.0,0.0,0.0,0.0
1762448265.1312852,2,1,56182,26371562,639,307573,0,0,0,0,0.0,0.0,0.0,0.0,0.0,0.0
1762448265.1312852,2,2,13232108,13236092,154320,154364,0,0,0,0,0.0,0.0,0.0,0.0,0.0,0.0
1762448265.1312852,2,3,13219944,13225704,154190,154260,0,0,0,0,0.0,0.0,0.0,0.0,0.0,0.0
1762448265.1312852,1,4294967294,0,0,0,0,0,0,0,0,0.0,0.0,0.0,0.0,0.0,0.0
1762448265.1312852,1,1,59106,26919502,673,313963,0,0,0,0,5669.4781193305525,4171414.0792994653,7.962750167599091,6080.555096732856,0.0,0.0
1762448265.1312852,1,2,13497692,13493714,157414,157371,0,0,0,0,2089218.6124736439,2087211.999431409,3044.7565953357025,3042.765907793803,0.0,0.0
1762448265.1312852,1,3,13450046,13520154,156877,157691,0,0,0,0,2085587.5983972189,2086606.8304186715,3040.7752202519027,3040.7752202519027,0.0,0.0
1762448266.1368775,1,4294967294,0,0,0,0,0,0,0,0,0.0,0.0,0.0,0.0,0.0,0.0
1762448266.1368775,1,1,59106,26919502,673,313963,0,0,0,0,0.0,0.0,0.0,0.0,0.0,0.0
1762448266.1368775,1,2,13497692,13493714,157414,157371,0,0,0,0,0.0,0.0,0.0,0.0,0.0,0.0
1762448266.1368775,1,3,13450046,13520154,156877,157691,0,0,0,0,0.0,0.0,0.0,0.0,0.0,0.0
1762448266.1368775,3,4294967294,0,0,0,0,0,0,0,0,0.0,0.0,0.0,0.0,0.0,0.0
1762448266.1368775,3,1,13520154,13450218,157691,156879,0,0,0,0,2080572.71708964,2080270.407708357,3032.043761617541,3033.0382003717614,0.0,0.0
1762448266.1368775,3,2,13487678,13481924,157315,157246,0,0,0,0,2084136.7855847655,2084184.518644968,3038.0103941428624,3039.004832897083,0.0,0.0
1762448266.1368775,2,4294967294,0,0,0,0,0,0,0,0,0.0,0.0,0.0,0.0,0.0,0.0
1762448266.1368775,2,1,56808,26895526,646,313683,0,0,0,0,4980.14928113501,4168400.859330071,6.9610712795417475,6076.020788285725,0.0,0.0
1762448266.1368775,2,2,13494472,13498958,157380,157429,0,0,0,0,2087239.4344979324,2091233.100534881,3042.982587913964,3047.954781685065,0.0,0.0
1762448266.1368775,2,3,13482010,13488366,157247,157323,0,0,0,0,2084868.6925078714,2089610.1764879937,3039.999271651303,3045.9659041766245,0.0,0.0
1762448267.1409845,3,4294967294,0,0,0,0,0,0,0,0,0.0,0.0,0.0,0.0,0.0,0.0
1762448267.1409845,3,1,13520154,13450218,157691,156879,0,0,0,0,0.0,0.0,0.0,0.0,0.0,0.0
1762448267.1409845,3,2,13487678,13481924,157315,157246,0,0,0,0,0.0,0.0,0.0,0.0,0.0,0.0
1762448267.1409845,2,4294967294,0,0,0,0,0,0,0,0,0.0,0.0,0.0,0.0,0.0,0.0
1762448267.1409845,2,1,56808,26895526,646,313683,0,0,0,0,0.0,0.0,0.0,0.0,0.0,0.0
1762448267.1409845,2,2,13494472,13498958,157380,157429,0,0,0,0,0.0,0.0,0.0,0.0,0.0,0.0
1762448267.1409845,2,3,13482010,13488366,157247,157323,0,0,0,0,0.0,0.0,0.0,0.0,0.0,0.0
1762448267.1409845,1,4294967294,0,0,0,0,0,0,0,0,0.0,0.0,0.0,0.0,0.0,0.0
1762448267.1409845,1,1,59818,27455662,681,320217,0,0,0,0,5672.702220808115,4271735.986950111,7.967278400011398,6228.41988920891,0.0,0.0
1762448267.1409845,1,2,13766228,13763066,160546,160513,0,0,0,0,2139501.0724254604,2146002.37159987,3119.189493604462,3129.148591604476,0.0,0.0
1762448267.1409845,1,3,13718550,13789628,160009,160834,0,0,0,0,2139246.11951666,2146974.3795646713,3119.189493604462,3130.1445014044775,0.0,0.0
1762448268.144955,1,4294967294,0,0,0,0,0,0,0,0,0.0,0.0,0.0,0.0,0.0,0.0
1762448268.144955,1,1,59818,27455662,681,320217,0,0,0,0,0.0,0.0,0.0,0.0,0.0,0.0
1762448268.144955,1,2,13766228,13763066,160546,160513,0,0,0,0,0.0,0.0,0.0,0.0,0.0,0.0
1762448268.144955,1,3,13718550,13789628,160009,160834,0,0,0,0,0.0,0.0,0.0,0.0,0.0,0.0
1762448268.144955,3,4294967294,0,0,0,0,0,0,0,0,0.0,0.0,0.0,0.0,0.0,0.0
1762448268.144955,3,1,13789628,13718550,160834,160009,0,0,0,0,2147266.526057616,2138166.6560413702,3130.5704313770007,3117.6218422558104,0.0,0.0
1762448268.144955,3,2,13756748,13750548,160454,160380,0,0,0,0,2144047.307593025,2140493.4179019164,3126.586250108942,3121.6060235238688,0.0,0.0
1762448268.144955,2,4294967294,0,0,0,0,0,0,0,0,0.0,0.0,0.0,0.0,0.0,0.0
1762448268.144955,2,1,57520,27431624,654,319936,0,0,0,0,5673.4741257153655,4271823.218887298,7.968362536117087,6228.271367292518,0.0,0.0
1762448268.144955,2,2,13763066,13766658,160513,160551,0,0,0,0,2140254.3670258326,2133130.6509185443,3120.609978206854,3109.653479719693,0.0,0.0
1762448268.144955,2,3,13750548,13756748,160380,160454,0,0,0,0,2139808.13872381,2138565.074168176,3120.609978206854,3118.617887572825,0.0,0.0
1762448269.151143,3,4294967294,0,0,0,0,0,0,0,0,0.0,0.0,0.0,0.0,0.0,0.0
1762448269.151143,3,1,13789628,13718550,160834,160009,0,0,0,0,0.0,0.0,0.0,0.0,0.0,0.0
1762448269.151143,3,2,13756748,13750548,160454,160380,0,0,0,0,0.0,0.0,0.0,0.0,0.0,0.0
1762448269.151143,2,4294967294,0,0,0,0,0,0,0,0,0.0,0.0,0.0,0.0,0.0,0.0
1762448269.151143,2,1,57520,27431624,654,319936,0,0,0,0,0.0,0.0,0.0,0.0,0.0,0.0
1762448269.151143,2,2,13763066,13766658,160513,160551,0,0,0,0,0.0,0.0,0.0,0.0,0.0,0.0
1762448269.151143,2,3,13750548,13756748,160380,160454,0,0,0,0,0.0,0.0,0.0,0.0,0.0,0.0
1762448269.151143,1,4294967294,0,0,0,0,0,0,0,0,0.0,0.0,0.0,0.0,0.0,0.0
1762448269.151143,1,1,60444,27991836,688,326470,0,0,0,0,4977.200316852592,4263011.825380386,6.956949324674149,6214.543446741065,0.0,0.0
1762448269.151143,1,2,14035080,14030740,163682,163634,0,0,0,0,2137588.274099765,2128222.2326089465,3116.7132974540186,3101.805548901146,0.0,0.0
1762448269.151143,1,3,13986458,14058198,163133,163967,0,0,0,0,2130082.719628345,2135346.1487174127,3104.7870986117205,3113.731747743444,0.0,0.0
1762448270.1577837,1,4294967294,0,0,0,0,0,0,0,0,0.0,0.0,0.0,0.0,0.0,0.0
1762448270.1577837,1,1,60444,27991836,688,326470,0,0,0,0,0.0,0.0,0.0,0.0,0.0,0.0
1762448270.1577837,1,2,14035080,14030740,163682,163634,0,0,0,0,0.0,0.0,0.0,0.0,0.0,0.0
1762448270.1577837,1,3,13986458,14058198,163133,163967,0,0,0,0,0.0,0.0,0.0,0.0,0.0,0.0
1762448270.1577837,3,4294967294,0,0,0,0,0,0,0,0,0.0,0.0,0.0,0.0,0.0,0.0
1762448270.1577837,3,1,14058198,13987130,163967,163141,0,0,0,0,2134386.239602175,2134465.71185297,3112.3320217604414,3111.3386186255034,0.0,0.0
1762448270.1577837,3,2,14024948,14018574,163582,163505,0,0,0,0,2131445.7663227585,2130062.949158925,3107.3650060857517,3104.384796680938,0.0,0.0
1762448270.1577837,2,4294967294,0,0,0,0,0,0,0,0,0.0,0.0,0.0,0.0,0.0,0.0
1762448270.1577837,2,1,58232,27967804,662,326190,0,0,0,0,5658.424256606279,4261143.143128026,7.947225079503202,6212.743205901628,0.0,0.0
1762448270.1577837,2,2,14031256,14035596,163640,163688,0,0,0,0,2131366.2940719635,2137310.818431432,3106.371602950814,3116.305634300193,0.0,0.0
1762448270.1577837,2,3,14018574,14024948,163505,163582,0,0,0,0,2130062.949158925,2131445.7663227585,3104.384796680938,3107.3650060857517,0.0,0.0
1762448271.1644666,3,4294967294,0,0,0,0,0,0,0,0,0.0,0.0,0.0,0.0,0.0,0.0
1762448271.1644666,3,1,14058198,13987130,163967,163141,0,0,0,0,0.0,0.0,0.0,0.0,0.0,0.0
1762448271.1644666,3,2,14024948,14018574,163582,163505,0,0,0,0,0.0,0.0,0.0,0.0,0.0,0.0
1762448271.1644666,2,4294967294,0,0,0,0,0,0,0,0,0.0,0.0,0.0,0.0,0.0,0.0
1762448271.1644666,2,1,58232,27967804,662,326190,0,0,0,0,0.0,0.0,0.0,0.0,0.0,0.0
1762448271.1644666,2,2,14031256,14035596,163640,163688,0,0,0,0,0.0,0.0,0.0,0.0,0.0,0.0
1762448271.1644666,2,3,14018574,14024948,163505,163582,0,0,0,0,0.0,0.0,0.0,0.0,0.0,0.0
1762448271.1644666,1,4294967294,0,0,0,0,0,0,0,0,0.0,0.0,0.0,0.0,0.0,0.0
1762448271.1644666,1,1,61070,28515784,695,332580,0,0,0,0,4974.754349608534,4163758.134135291,6.953530440746753,6069.43871328038,0.0,0.0
1762448271.1644666,1,2,14298170,14293628,166751,166700,0,0,0,0,2090747.7984640722,2089142.5262937513,3048.6264175216834,3045.646333047078,0.0,0.0
1762448271.1644666,1,3,14248696,14320892,166192,167030,0,0,0,0,2083977.0465377679,2087600.8292588885,3038.692802606331,3042.666248572472,0.0,0.0
1762448272.1706302,1,4294967294,0,0,0,0,0,0,0,0,0.0,0.0,0.0,0.0,0.0,0.0
1762448272.1706302,1,1,61070,28515784,695,332580,0,0,0,0,0.0,0.0,0.0,0.0,0.0,0.0
1762448272.1706302,1,2,14298170,14293628,166751,166700,0,0,0,0,0.0,0.0,0.0,0.0,0.0,0.0
1762448272.1706302,1,3,14248696,14320892,166192,167030,0,0,0,0,0.0,0.0,0.0,0.0,0.0,0.0
1762448272.1706302,3,4294967294,0,0,0,0,0,0,0,0,0.0,0.0,0.0,0.0,0.0,0.0
1762448272.1706302,3,1,14320892,14248696,167030,166192,0,0,0,0,2088678.228910969,2079709.5084902074,3044.2365523928497,3032.3100624716244,0.0,0.0
1762448272.1706302,3,2,14287368,14281098,166642,166567,0,0,0,0,2086499.6567520252,2087326.5600532303,3041.2549299125435,3043.242678232748,0.0,0.0
1762448272.1706302,2,4294967294,0,0,0,0,0,0,0,0,0.0,0.0,0.0,0.0,0.0,0.0
1762448272.1706302,2,1,58858,28491668,669,332300,0,0,0,0,4977.321793791509,4165239.144061973,6.957119120714969,6072.571118224066,0.0,0.0
1762448272.1706302,2,2,14293628,14298170,166700,166751,0,0,0,0,2086118.0090745462,2087724.109717271,3041.2549299125435,3044.2365523928497,0.0,0.0
1762448272.1706302,2,3,14281098,14287368,166567,166642,0,0,0,0,2087326.5600532303,2086499.6567520252,3043.242678232748,3041.2549299125435,0.0,0.0
1762448273.176499,3,4294967294,0,0,0,0,0,0,0,0,0.0,0.0,0.0,0.0,0.0,0.0
1762448273.176499,3,1,14320892,14248696,167030,166192,0,0,0,0,0.0,0.0,0.0,0.0,0.0,0.0
1762448273.176499,3,2,14287368,14281098,166642,166567,0,0,0,0,0.0,0.0,0.0,0.0,0.0,0.0
1762448273.176499,2,4294967294,0,0,0,0,0,0,0,0,0.0,0.0,0.0,0.0,0.0,0.0
1762448273.176499,2,1,58858,28491668,669,332300,0,0,0,0,0.0,0.0,0.0,0.0,0.0,0.0
1762448273.176499,2,2,14293628,14298170,166700,166751,0,0,0,0,0.0,0.0,0.0,0.0,0.0,0.0
1762448273.176499,2,3,14281098,14287368,166567,166642,0,0,0,0,0.0,0.0,0.0,0.0,0.0,0.0
1762448273.176499,1,4294967294,0,0,0,0,0,0,0,0,0.0,0.0,0.0,0.0,0.0,0.0
1762448273.176499,1,1,61782,29047868,703,338786,0,0,0,0,5662.767069953227,4231836.7326530805,7.953324536451162,6169.791509151989,0.0,0.0
1762448273.176499,1,2,14564012,14560436,169850,169812,0,0,0,0,2114327.7014192496,2122010.6129214615,3080.919092307769,3093.843244679502,0.0,0.0
1762448273.176499,1,3,14515090,14587028,169299,170134,0,0,0,0,2118717.9365633707,2116665.9788329666,3088.87241684422,3085.889920143051,0.0,0.0
1762448274.1831708,1,4294967294,0,0,0,0,0,0,0,0,0.0,0.0,0.0,0.0,0.0,0.0
1762448274.1831708,1,1,61782,29047868,703,338786,0,0,0,0,0.0,0.0,0.0,0.0,0.0,0.0
1762448274.1831708,1,2,14564012,14560436,169850,169812,0,0,0,0,0.0,0.0,0.0,0.0,0.0,0.0
1762448274.1831708,1,3,14515090,14587028,169299,170134,0,0,0,0,0.0,0.0,0.0,0.0,0.0,0.0
1762448274.1831708,3,4294967294,0,0,0,0,0,0,0,0,0.0,0.0,0.0,0.0,0.0,0.0
1762448274.1831708,3,1,14587028,14515090,170134,169299,0,0,0,0,2114977.072798445,2117027.393254084,3083.427661969056,3086.4077789103917,0.0,0.0
1762448274.1831708,3,2,14553890,14547002,169751,169669,0,0,0,0,2118044.6065033935,2113133.3737840718,3088.394523537949,3081.4409173414983,0.0,0.0
1762448274.1831708,2,4294967294,0,0,0,0,0,0,0,0,0.0,0.0,0.0,0.0,0.0,0.0
1762448274.1831708,2,1,59484,29023798,676,338505,0,0,0,0,4974.8085474036825,4228825.674648437,6.953606196450834,6163.875206996775,0.0,0.0
1762448274.1831708,2,2,14560436,14564700,169812,169858,0,0,0,0,2120317.442357319,2118108.1823314754,3091.374640479285,3086.4077789103917,0.0,0.0
1762448274.1831708,2,3,14547002,14553890,169669,169751,0,0,0,0,2113133.3737840718,2118044.6065033935,3081.4409173414983,3088.394523537949,0.0,0.0
1762448275.190194,3,4294967294,0,0,0,0,0,0,0,0,0.0,0.0,0.0,0.0,0.0,0.0
1762448275.190194,3,1,14587028,14515090,170134,169299,0,0,0,0,0.0,0.0,0.0,0.0,0.0,0.0
1762448275.190194,3,2,14553890,14547002,169751,169669,0,0,0,0,0.0,0.0,0.0,0.0,0.0,0.0
1762448275.190194,2,4294967294,0,0,0,0,0,0,0,0,0.0,0.0,0.0,0.0,0.0,0.0
1762448275.190194,2,1,59484,29023798,676,338505,0,0,0,0,0.0,0.0,0.0,0.0,0.0,0.0
1762448275.190194,2,2,14560436,14564700,169812,169858,0,0,0,0,0.0,0.0,0.0,0.0,0.0,0.0
1762448275.190194,2,3,14547002,14553890,169669,169751,0,0,0,0,0.0,0.0,0.0,0.0,0.0,0.0
1762448275.190194,1,4294967294,0,0,0,0,0,0,0,0,0.0,0.0,0.0,0.0,0.0,0.0
1762448275.190194,1,1,62408,29580000,710,344992,0,0,0,0,4973.073626088219,4227366.796801239,6.951181186624906,6162.718634884881,0.0,0.0
1762448275.190194,1,2,14831036,14826750,172964,172917,0,0,0,0,2121293.94877409,2115653.561754086,3092.2826021642795,3083.3453692100475,0.0,0.0
1762448275.190194,1,3,14781020,14853018,172400,173237,0,0,0,0,2112602.9862390417,2113079.6386632673,3079.3732656748334,3081.3593174424404,0.0,0.0
1762448276.2053664,1,4294967294,0,0,0,0,0,0,0,0,0.0,0.0,0.0,0.0,0.0,0.0
1762448276.2053664,1,1,62408,29580000,710,344992,0,0,0,0,0.0,0.0,0.0,0.0,0.0,0.0
1762448276.2053664,1,2,14831036,14826750,172964,172917,0,0,0,0,0.0,0.0,0.0,0.0,0.0,0.0
1762448276.2053664,1,3,14781020,14853018,172400,173237,0,0,0,0,0.0,0.0,0.0,0.0,0.0,0.0
1762448276.2053664,3,4294967294,0,0,0,0,0,0,0,0,0.0,0.0,0.0,0.0,0.0,0.0
1762448276.2053664,3,1,14853018,14781020,173237,172400,0,0,0,0,2096116.7079495213,2095643.881894117,3056.6234373319317,3054.6533287677476,0.0,0.0
1762448276.2053664,3,2,14820848,14813582,172864,172777,0,0,0,0,2103744.9683100428,2100766.164160996,3066.473980152853,3061.5487087423926,0.0,0.0
1762448276.2053664,2,4294967294,0,0,0,0,0,0,0,0,0.0,0.0,0.0,0.0,0.0,0.0
1762448276.2053664,2,1,60110,29555974,683,344711,0,0,0,0,4933.151844717471,4193777.9810133628,6.895379974645028,6113.246874663863,0.0,0.0
1762448276.2053664,2,2,14826750,14831036,172917,172964,0,0,0,0,2098669.968648704,2098843.338202352,3058.593545896116,3059.578600178208,0.0,0.0
1762448276.2053664,2,3,14813582,14820848,172777,172864,0,0,0,0,2100766.164160996,2103744.9683100428,3061.5487087423926,3066.473980152853,0.0,0.0
1762448277.2140257,1,4294967294,0,0,0,0,0,0,0,0,0.0,0.0,0.0,0.0,0.0,0.0
1762448277.2140257,1,1,62408,29580000,710,344992,0,0,0,0,0.0,0.0,0.0,0.0,0.0,0.0
1762448277.2140257,1,2,14831036,14826750,172964,172917,0,0,0,0,0.0,0.0,0.0,0.0,0.0,0.0
1762448277.2140257,1,3,14781020,14853018,172400,173237,0,0,0,0,0.0,0.0,0.0,0.0,0.0,0.0
1762448277.2140257,3,4294967294,0,0,0,0,0,0,0,0,0.0,0.0,0.0,0.0,0.0,0.0
1762448277.2140257,3,1,14853018,14781020,173237,172400,0,0,0,0,0.0,0.0,0.0,0.0,0.0,0.0
1762448277.2140257,3,2,14820848,14813582,172864,172777,0,0,0,0,0.0,0.0,0.0,0.0,0.0,0.0
1762448277.2140257,2,4294967294,0,0,0,0,0,0,0,0,0.0,0.0,0.0,0.0,0.0,0.0
1762448277.2140257,2,1,60110,29555974,683,344711,0,0,0,0,0.0,0.0,0.0,0.0,0.0,0.0
1762448277.2140257,2,2,14826750,14831036,172917,172964,0,0,0,0,0.0,0.0,0.0,0.0,0.0,0.0
1762448277.2140257,2,3,14813582,14820848,172777,172864,0,0,0,0,0.0,0.0,0.0,0.0,0.0,0.0
1762448278.225421,1,4294967294,0,0,0,0,0,0,0,0,0.0,0.0,0.0,0.0,0.0,0.0
1762448278.225421,1,1,62408,29580000,710,344992,0,0,0,0,0.0,0.0,0.0,0.0,0.0,0.0
1762448278.225421,1,2,14831036,14826750,172964,172917,0,0,0,0,0.0,0.0,0.0,0.0,0.0,0.0
1762448278.225421,1,3,14781020,14853018,172400,173237,0,0,0,0,0.0,0.0,0.0,0.0,0.0,0.0
1762448278.225421,3,4294967294,0,0,0,0,0,0,0,0,0.0,0.0,0.0,0.0,0.0,0.0
1762448278.225421,3,1,14853018,14781020,173237,172400,0,0,0,0,0.0,0.0,0.0,0.0,0.0,0.0
1762448278.225421,3,2,14820848,14813582,172864,172777,0,0,0,0,0.0,0.0,0.0,0.0,0.0,0.0
1762448278.225421,2,4294967294,0,0,0,0,0,0,0,0,0.0,0.0,0.0,0.0,0.0,0.0
1762448278.225421,2,1,60110,29555974,683,344711,0,0,0,0,0.0,0.0,0.0,0.0,0.0,0.0
1762448278.225421,2,2,14826750,14831036,172917,172964,0,0,0,0,0.0,0.0,0.0,0.0,0.0,0.0
1762448278.225421,2,3,14813582,14820848,172777,172864,0,0,0,0,0.0,0.0,0.0,0.0,0.0,0.0
1762448279.2382529,1,4294967294,0,0,0,0,0,0,0,0,0.0,0.0,0.0,0.0,0.0,0.0
1762448279.2382529,1,1,62408,29580000,710,344992,0,0,0,0,0.0,0.0,0.0,0.0,0.0,0.0
1762448279.2382529,1,2,14831036,14826750,172964,172917,0,0,0,0,0.0,0.0,0.0,0.0,0.0,0.0
1762448279.2382529,1,3,14781020,14853018,172400,173237,0,0,0,0,0.0,0.0,0.0,0.0,0.0,0.0
1762448279.2382529,3,4294967294,0,0,0,0,0,0,0,0,0.0,0.0,0.0,0.0,0.0,0.0
1762448279.2382529,3,1,14853018,14781020,173237,172400,0,0,0,0,0.0,0.0,0.0,0.0,0.0,0.0
1762448279.2382529,3,2,14820848,14813582,172864,172777,0,0,0,0,0.0,0.0,0.0,0.0,0.0,0.0
1762448279.2382529,2,4294967294,0,0,0,0,0,0,0,0,0.0,0.0,0.0,0.0,0.0,0.0
1762448279.2382529,2,1,60110,29555974,683,344711,0,0,0,0,0.0,0.0,0.0,0.0,0.0,0.0
1762448279.2382529,2,2,14826750,14831036,172917,172964,0,0,0,0,0.0,0.0,0.0,0.0,0.0,0.0
1762448279.2382529,2,3,14813582,14820848,172777,172864,0,0,0,0,0.0,0.0,0.0,0.0,0.0,0.0
1762448280.2503521,1,4294967294,0,0,0,0,0,0,0,0,0.0,0.0,0.0,0.0,0.0,0.0
1762448280.2503521,1,1,62408,29580000,710,344992,0,0,0,0,0.0,0.0,0.0,0.0,0.0,0.0
1762448280.2503521,1,2,14831036,14826750,172964,172917,0,0,0,0,0.0,0.0,0.0,0.0,0.0,0.0
1762448280.2503521,1,3,14781020,14853018,172400,173237,0,0,0,0,0.0,0.0,0.0,0.0,0.0,0.0
1762448280.2503521,3,4294967294,0,0,0,0,0,0,0,0,0.0,0.0,0.0,0.0,0.0,0.0
1762448280.2503521,3,1,14853018,14781020,173237,172400,0,0,0,0,0.0,0.0,0.0,0.0,0.0,0.0
1762448280.2503521,3,2,14820848,14813582,172864,172777,0,0,0,0,0.0,0.0,0.0,0.0,0.0,0.0
1762448280.2503521,2,4294967294,0,0,0,0,0,0,0,0,0.0,0.0,0.0,0.0,0.0,0.0
1762448280.2503521,2,1,60110,29555974,683,344711,0,0,0,0,0.0,0.0,0.0,0.0,0.0,0.0
1762448280.2503521,2,2,14826750,14831036,172917,172964,0,0,0,0,0.0,0.0,0.0,0.0,0.0,0.0
1762448280.2503521,2,3,14813582,14820848,172777,172864,0,0,0,0,0.0,0.0,0.0,0.0,0.0,0.0
1762448281.261493,1,4294967294,0,0,0,0,0,0,0,0,0.0,0.0,0.0,0.0,0.0,0.0
1762448281.261493,1,1,62408,29580000,710,344992,0,0,0,0,0.0,0.0,0.0,0.0,0.0,0.0
1762448281.261493,1,2,14831036,14826750,172964,172917,0,0,0,0,0.0,0.0,0.0,0.0,0.0,0.0
1762448281.261493,1,3,14781020,14853018,172400,173237,0,0,0,0,0.0,0.0,0.0,0.0,0.0,0.0
1762448281.261493,3,4294967294,0,0,0,0,0,0,0,0,0.0,0.0,0.0,0.0,0.0,0.0
1762448281.261493,3,1,14853018,14781020,173237,172400,0,0,0,0,0.0,0.0,0.0,0.0,0.0,0.0
1762448281.261493,3,2,14820848,14813582,172864,172777,0,0,0,0,0.0,0.0,0.0,0.0,0.0,0.0
1762448281.261493,2,4294967294,0,0,0,0,0,0,0,0,0.0,0.0,0.0,0.0,0.0,0.0
1762448281.261493,2,1,60110,29555974,683,344711,0,0,0,0,0.0,0.0,0.0,0.0,0.0,0.0
1762448281.261493,2,2,14826750,14831036,172917,172964,0,0,0,0,0.0,0.0,0.0,0.0,0.0,0.0
1762448281.261493,2,3,14813582,14820848,172777,172864,0,0,0,0,0.0,0.0,0.0,0.0,0.0,0.0
1762448282.270106,1,4294967294,0,0,0,0,0,0,0,0,0.0,0.0,0.0,0.0,0.0,0.0
1762448282.270106,1,1,62408,29580000,710,344992,0,0,0,0,0.0,0.0,0.0,0.0,0.0,0.0
1762448282.270106,1,2,14831036,14826750,172964,172917,0,0,0,0,0.0,0.0,0.0,0.0,0.0,0.0
1762448282.270106,1,3,14781020,14853018,172400,173237,0,0,0,0,0.0,0.0,0.0,0.0,0.0,0.0
1762448282.270106,3,4294967294,0,0,0,0,0,0,0,0,0.0,0.0,0.0,0.0,0.0,0.0
1762448282.270106,3,1,14853018,14781020,173237,172400,0,0,0,0,0.0,0.0,0.0,0.0,0.0,0.0
1762448282.270106,3,2,14820848,14813582,172864,172777,0,0,0,0,0.0,0.0,0.0,0.0,0.0,0.0
1762448282.270106,2,4294967294,0,0,0,0,0,0,0,0,0.0,0.0,0.0,0.0,0.0,0.0
1762448282.270106,2,1,60110,29555974,683,344711,0,0,0,0,0.0,0.0,0.0,0.0,0.0,0.0
1762448282.270106,2,2,14826750,14831036,172917,172964,0,0,0,0,0.0,0.0,0.0,0.0,0.0,0.0
1762448282.270106,2,3,14813582,14820848,172777,172864,0,0,0,0,0.0,0.0,0.0,0.0,0.0,0.0
