ts,dpid,port,rx_packets,tx_packets,rx_bytes,tx_bytes,rx_dropped,tx_dropped,rx_errors,tx_errors,rx_rate_bps,tx_rate_bps,rx_rate_mbps,tx_rate_mbps,loss_pct,err_pct
1762798523.3333662,3,4294967294,0,0,0,0,0,0,0,0,0.0,0.0,0.0,0.0,0.0,0.0
1762798523.3333662,3,1,116,104,10304,9298,1,0,0,0,0.0,0.0,0.0,0.0,0.0,0.0
1762798523.3333662,3,2,103,112,9182,9962,1,0,0,0,0.0,0.0,0.0,0.0,0.0,0.0
1762798523.3333662,1,4294967294,0,0,0,0,0,0,0,0,0.0,0.0,0.0,0.0,0.0,0.0
1762798523.3333662,1,1,8,218,788,19456,0,0,0,0,0.0,0.0,0.0,0.0,0.0,0.0
1762798523.3333662,1,2,117,104,10390,9246,0,0,0,0,0.0,0.0,0.0,0.0,0.0,0.0
1762798523.3333662,1,3,104,116,9298,10304,0,0,0,0,0.0,0.0,0.0,0.0,0.0,0.0
1762798523.3333662,2,4294967294,0,0,0,0,0,0,0,0,0.0,0.0,0.0,0.0,0.0,0.0
1762798523.3333662,2,1,10,216,984,19268,0,0,0,0,0.0,0.0,0.0,0.0,0.0,0.0
1762798523.3333662,2,2,104,117,9246,10390,1,0,0,0,0.0,0.0,0.0,0.0,0.0,0.0
1762798523.3333662,2,3,112,103,9962,9182,0,0,0,0,0.0,0.0,0.0,0.0,0.0,0.0
1762798524.3335757,3,4294967294,0,0,0,0,0,0,0,0,0.0,0.0,0.0,0.0,0.0,0.0
1762798524.3335757,3,1,116,104,10304,9298,1,0,0,0,0.0,0.0,0.0,0.0,0.0,0.0
1762798524.3335757,3,2,103,112,9182,9962,1,0,0,0,0.0,0.0,0.0,0.0,0.0,0.0
1762798524.3335757,1,4294967294,0,0,0,0,0,0,0,0,0.0,0.0,0.0,0.0,0.0,0.0
1762798524.3335757,1,1,8,218,788,19456,0,0,0,0,0.0,0.0,0.0,0.0,0.0,0.0
1762798524.3335757,1,2,117,104,10390,9246,0,0,0,0,0.0,0.0,0.0,0.0,0.0,0.0
1762798524.3335757,1,3,104,116,9298,10304,0,0,0,0,0.0,0.0,0.0,0.0,0.0,0.0
1762798524.3335757,2,4294967294,0,0,0,0,0,0,0,0,0.0,0.0,0.0,0.0,0.0,0.0
1762798524.3335757,2,1,10,216,984,19268,0,0,0,0,0.0,0.0,0.0,0.0,0.0,0.0
1762798524.3335757,2,2,104,117,9246,10390,1,0,0,0,0.0,0.0,0.0,0.0,0.0,0.0
1762798524.3335757,2,3,112,103,9962,9182,0,0,0,0,0.0,0.0,0.0,0.0,0.0,0.0
1762798525.3336396,1,4294967294,0,0,0,0,0,0,0,0,0.0,0.0,0.0,0.0,0.0,0.0
1762798525.3336396,1,1,65,3977,5706,344346,0,0,0,0,0.0,0.0,0.0,0.0,0.0,0.0
1762798525.3336396,1,2,2052,1991,177576,172344,0,0,0,0,0.0,0.0,0.0,0.0,0.0,0.0
1762798525.3336396,1,3,1984,2076,171764,179554,0,0,0,0,0.0,0.0,0.0,0.0,0.0,0.0
1762798525.3336396,2,4294967294,0,0,0,0,0,0,0,0,0.0,0.0,0.0,0.0,0.0,0.0
1762798525.3336396,2,1,66,3967,5816,343462,0,0,0,0,0.0,0.0,0.0,0.0,0.0,0.0
1762798525.3336396,2,2,1991,2052,172344,177576,1,0,0,0,0.0,0.0,0.0,0.0,0.0,0.0
1762798525.3336396,2,3,2023,2016,175050,174536,0,0,0,0,0.0,0.0,0.0,0.0,0.0,0.0
1762798525.3336396,3,4294967294,0,0,0,0,0,0,0,0,0.0,0.0,0.0,0.0,0.0,0.0
1762798525.3336396,3,1,2076,1984,179554,171764,1,0,0,0,0.0,0.0,0.0,0.0,0.0,0.0
1762798525.3336396,3,2,2016,2023,174536,175050,1,0,0,0,0.0,0.0,0.0,0.0,0.0,0.0
1762798526.333634,1,4294967294,0,0,0,0,0,0,0,0,0.0,0.0,0.0,0.0,0.0,0.0
1762798526.333634,1,1,65,3977,5706,344346,0,0,0,0,0.0,0.0,0.0,0.0,0.0,0.0
1762798526.333634,1,2,2052,1991,177576,172344,0,0,0,0,0.0,0.0,0.0,0.0,0.0,0.0
1762798526.333634,1,3,1984,2076,171764,179554,0,0,0,0,0.0,0.0,0.0,0.0,0.0,0.0
1762798526.333634,2,4294967294,0,0,0,0,0,0,0,0,0.0,0.0,0.0,0.0,0.0,0.0
1762798526.333634,2,1,66,3967,5816,343462,0,0,0,0,0.0,0.0,0.0,0.0,0.0,0.0
1762798526.333634,2,2,1991,2052,172344,177576,1,0,0,0,0.0,0.0,0.0,0.0,0.0,0.0
1762798526.333634,2,3,2023,2016,175050,174536,0,0,0,0,0.0,0.0,0.0,0.0,0.0,0.0
1762798526.333634,3,4294967294,0,0,0,0,0,0,0,0,0.0,0.0,0.0,0.0,0.0,0.0
1762798526.333634,3,1,2076,1984,179554,171764,1,0,0,0,0.0,0.0,0.0,0.0,0.0,0.0
1762798526.333634,3,2,2016,2023,174536,175050,1,0,0,0,0.0,0.0,0.0,0.0,0.0,0.0
1762798527.3336494,1,4294967294,0,0,0,0,0,0,0,0,0.0,0.0,0.0,0.0,0.0,0.0
1762798527.3336494,1,1,98,8970,8568,774360,0,0,0,0,0.0,0.0,0.0,0.0,0.0,0.0
1762798527.3336494,1,2,4571,4537,394462,391592,0,0,0,0,0.0,0.0,0.0,0.0,0.0,0.0
1762798527.3336494,1,3,4494,4593,387884,396296,0,0,0,0,0.0,0.0,0.0,0.0,0.0,0.0
1762798527.3336494,3,4294967294,0,0,0,0,0,0,0,0,0.0,0.0,0.0,0.0,0.0,0.0
1762798527.3336494,3,1,4593,4494,396296,387884,1,0,0,0,0.0,0.0,0.0,0.0,0.0,0.0
1762798527.3336494,3,2,4553,4534,392916,391224,1,0,0,0,0.0,0.0,0.0,0.0,0.0,0.0
1762798527.3336494,2,4294967294,0,0,0,0,0,0,0,0,0.0,0.0,0.0,0.0,0.0,0.0
1762798527.3336494,2,1,100,8960,8764,773456,0,0,0,0,0.0,0.0,0.0,0.0,0.0,0.0
1762798527.3336494,2,2,4537,4571,391592,394462,1,0,0,0,0.0,0.0,0.0,0.0,0.0,0.0
1762798527.3336494,2,3,4534,4553,391224,392916,0,0,0,0,0.0,0.0,0.0,0.0,0.0,0.0
1762798528.3329875,1,4294967294,0,0,0,0,0,0,0,0,0.0,0.0,0.0,0.0,0.0,0.0
1762798528.3329875,1,1,98,8970,8568,774360,0,0,0,0,0.0,0.0,0.0,0.0,0.0,0.0
1762798528.3329875,1,2,4571,4537,394462,391592,0,0,0,0,0.0,0.0,0.0,0.0,0.0,0.0
1762798528.3329875,1,3,4494,4593,387884,396296,0,0,0,0,0.0,0.0,0.0,0.0,0.0,0.0
1762798528.3329875,3,4294967294,0,0,0,0,0,0,0,0,0.0,0.0,0.0,0.0,0.0,0.0
1762798528.3329875,3,1,4593,4494,396296,387884,1,0,0,0,0.0,0.0,0.0,0.0,0.0,0.0
1762798528.3329875,3,2,4553,4534,392916,391224,1,0,0,0,0.0,0.0,0.0,0.0,0.0,0.0
1762798528.3329875,2,4294967294,0,0,0,0,0,0,0,0,0.0,0.0,0.0,0.0,0.0,0.0
1762798528.3329875,2,1,100,8960,8764,773456,0,0,0,0,0.0,0.0,0.0,0.0,0.0,0.0
1762798528.3329875,2,2,4537,4571,391592,394462,1,0,0,0,0.0,0.0,0.0,0.0,0.0,0.0
1762798528.3329875,2,3,4534,4553,391224,392916,0,0,0,0,0.0,0.0,0.0,0.0,0.0,0.0
1762798529.3336494,3,4294967294,0,0,0,0,0,0,0,0,0.0,0.0,0.0,0.0,0.0,0.0
1762798529.3336494,3,1,7095,7016,610960,604388,1,0,0,0,0.0,0.0,0.0,0.0,0.0,0.0
1762798529.3336494,3,2,7068,7043,608822,606486,1,0,0,0,0.0,0.0,0.0,0.0,0.0,0.0
1762798529.3336494,1,4294967294,0,0,0,0,0,0,0,0,0.0,0.0,0.0,0.0,0.0,0.0
1762798529.3336494,1,1,124,13939,10812,1200898,0,0,0,0,0.0,0.0,0.0,0.0,0.0,0.0
1762798529.3336494,1,2,7080,7053,609800,607536,0,0,0,0,0.0,0.0,0.0,0.0,0.0,0.0
1762798529.3336494,1,3,7016,7095,604388,610960,0,0,0,0,0.0,0.0,0.0,0.0,0.0,0.0
1762798529.3336494,2,4294967294,0,0,0,0,0,0,0,0,0.0,0.0,0.0,0.0,0.0,0.0
1762798529.3336494,2,1,126,13932,11008,1200240,0,0,0,0,0.0,0.0,0.0,0.0,0.0,0.0
1762798529.3336494,2,2,7053,7080,607536,609800,1,0,0,0,0.0,0.0,0.0,0.0,0.0,0.0
1762798529.3336494,2,3,7043,7068,606486,608822,0,0,0,0,0.0,0.0,0.0,0.0,0.0,0.0
1762798530.3336577,3,4294967294,0,0,0,0,0,0,0,0,0.0,0.0,0.0,0.0,0.0,0.0
1762798530.3336577,3,1,7095,7016,610960,604388,1,0,0,0,0.0,0.0,0.0,0.0,0.0,0.0
1762798530.3336577,3,2,7068,7043,608822,606486,1,0,0,0,0.0,0.0,0.0,0.0,0.0,0.0
1762798530.3336577,1,4294967294,0,0,0,0,0,0,0,0,0.0,0.0,0.0,0.0,0.0,0.0
1762798530.3336577,1,1,124,13939,10812,1200898,0,0,0,0,0.0,0.0,0.0,0.0,0.0,0.0
1762798530.3336577,1,2,7080,7053,609800,607536,0,0,0,0,0.0,0.0,0.0,0.0,0.0,0.0
1762798530.3336577,1,3,7016,7095,604388,610960,0,0,0,0,0.0,0.0,0.0,0.0,0.0,0.0
1762798530.3336577,2,4294967294,0,0,0,0,0,0,0,0,0.0,0.0,0.0,0.0,0.0,0.0
1762798530.3336577,2,1,126,13932,11008,1200240,0,0,0,0,0.0,0.0,0.0,0.0,0.0,0.0
1762798530.3336577,2,2,7053,7080,607536,609800,1,0,0,0,0.0,0.0,0.0,0.0,0.0,0.0
1762798530.3336577,2,3,7043,7068,606486,608822,0,0,0,0,0.0,0.0,0.0,0.0,0.0,0.0
1762798531.3336515,3,4294967294,0,0,0,0,0,0,0,0,0.0,0.0,0.0,0.0,0.0,0.0
1762798531.3336515,3,1,9632,9573,828514,823638,1,0,0,0,0.0,0.0,0.0,0.0,0.0,0.0
1762798531.3336515,3,2,9623,9587,827932,824674,1,0,0,0,0.0,0.0,0.0,0.0,0.0,0.0
1762798531.3336515,1,4294967294,0,0,0,0,0,0,0,0,0.0,0.0,0.0,0.0,0.0,0.0
1762798531.3336515,1,1,145,18991,12642,1634116,0,0,0,0,0.0,0.0,0.0,0.0,0.0,0.0
1762798531.3336515,1,2,9619,9610,827526,826866,0,0,0,0,0.0,0.0,0.0,0.0,0.0,0.0
1762798531.3336515,1,3,9573,9632,823638,828514,0,0,0,0,0.0,0.0,0.0,0.0,0.0,0.0
1762798531.3336515,2,4294967294,0,0,0,0,0,0,0,0,0.0,0.0,0.0,0.0,0.0,0.0
1762798531.3336515,2,1,148,18986,12924,1633704,0,0,0,0,0.0,0.0,0.0,0.0,0.0,0.0
1762798531.3336515,2,2,9610,9619,826866,827526,1,0,0,0,0.0,0.0,0.0,0.0,0.0,0.0
1762798531.3336515,2,3,9596,9631,825436,828620,0,0,0,0,0.0,0.0,0.0,0.0,0.0,0.0
1762798532.3336132,3,4294967294,0,0,0,0,0,0,0,0,0.0,0.0,0.0,0.0,0.0,0.0
1762798532.3336132,3,1,9632,9573,828514,823638,1,0,0,0,0.0,0.0,0.0,0.0,0.0,0.0
1762798532.3336132,3,2,9623,9587,827932,824674,1,0,0,0,0.0,0.0,0.0,0.0,0.0,0.0
1762798532.3336132,1,4294967294,0,0,0,0,0,0,0,0,0.0,0.0,0.0,0.0,0.0,0.0
1762798532.3336132,1,1,145,18991,12642,1634116,0,0,0,0,0.0,0.0,0.0,0.0,0.0,0.0
1762798532.3336132,1,2,9619,9610,827526,826866,0,0,0,0,0.0,0.0,0.0,0.0,0.0,0.0
1762798532.3336132,1,3,9573,9632,823638,828514,0,0,0,0,0.0,0.0,0.0,0.0,0.0,0.0
1762798532.3336132,2,4294967294,0,0,0,0,0,0,0,0,0.0,0.0,0.0,0.0,0.0,0.0
1762798532.3336132,2,1,148,18986,12924,1633704,0,0,0,0,0.0,0.0,0.0,0.0,0.0,0.0
1762798532.3336132,2,2,9610,9619,826866,827526,1,0,0,0,0.0,0.0,0.0,0.0,0.0,0.0
1762798532.3336132,2,3,9596,9631,825436,828620,0,0,0,0,0.0,0.0,0.0,0.0,0.0,0.0
1762798533.3336368,3,4294967294,0,0,0,0,0,0,0,0,0.0,0.0,0.0,0.0,0.0,0.0
1762798533.3336368,3,1,12190,12091,1047958,1039622,1,0,0,0,0.0,0.0,0.0,0.0,0.0,0.0
1762798533.3336368,3,2,12141,12146,1043908,1044156,1,0,0,0,0.0,0.0,0.0,0.0,0.0,0.0
1762798533.3336368,1,4294967294,0,0,0,0,0,0,0,0,0.0,0.0,0.0,0.0,0.0,0.0
1762798533.3336368,1,1,165,24068,14386,2069738,0,0,0,0,0.0,0.0,0.0,0.0,0.0,0.0
1762798533.3336368,1,2,12151,12168,1044732,1046300,0,0,0,0,0.0,0.0,0.0,0.0,0.0,0.0
1762798533.3336368,1,3,12091,12190,1039622,1047958,0,0,0,0,0.0,0.0,0.0,0.0,0.0,0.0
1762798533.3336368,2,4294967294,0,0,0,0,0,0,0,0,0.0,0.0,0.0,0.0,0.0,0.0
1762798533.3336368,2,1,166,23996,14496,2063498,0,0,0,0,0.0,0.0,0.0,0.0,0.0,0.0
1762798533.3336368,2,2,12168,12151,1046300,1044732,1,0,0,0,0.0,0.0,0.0,0.0,0.0,0.0
1762798533.3336368,2,3,12146,12141,1044156,1043908,0,0,0,0,0.0,0.0,0.0,0.0,0.0,0.0
1762798534.3336368,3,4294967294,0,0,0,0,0,0,0,0,0.0,0.0,0.0,0.0,0.0,0.0
1762798534.3336368,3,1,12190,12091,1047958,1039622,1,0,0,0,0.0,0.0,0.0,0.0,0.0,0.0
1762798534.3336368,3,2,12141,12146,1043908,1044156,1,0,0,0,0.0,0.0,0.0,0.0,0.0,0.0
1762798534.3336368,1,4294967294,0,0,0,0,0,0,0,0,0.0,0.0,0.0,0.0,0.0,0.0
1762798534.3336368,1,1,165,24068,14386,2069738,0,0,0,0,0.0,0.0,0.0,0.0,0.0,0.0
1762798534.3336368,1,2,12151,12168,1044732,1046300,0,0,0,0,0.0,0.0,0.0,0.0,0.0,0.0
1762798534.3336368,1,3,12091,12190,1039622,1047958,0,0,0,0,0.0,0.0,0.0,0.0,0.0,0.0
1762798534.3336368,2,4294967294,0,0,0,0,0,0,0,0,0.0,0.0,0.0,0.0,0.0,0.0
1762798534.3336368,2,1,166,23996,14496,2063498,0,0,0,0,0.0,0.0,0.0,0.0,0.0,0.0
1762798534.3336368,2,2,12168,12151,1046300,1044732,1,0,0,0,0.0,0.0,0.0,0.0,0.0,0.0
1762798534.3336368,2,3,12146,12141,1044156,1043908,0,0,0,0,0.0,0.0,0.0,0.0,0.0,0.0
1762798535.3336532,3,4294967294,0,0,0,0,0,0,0,0,0.0,0.0,0.0,0.0,0.0,0.0
1762798535.3336532,3,1,14693,14578,1262614,1252930,1,0,0,0,0.0,0.0,0.0,0.0,0.0,0.0
1762798535.3336532,3,2,14641,14635,1258342,1257640,1,0,0,0,0.0,0.0,0.0,0.0,0.0,0.0
1762798535.3336532,1,4294967294,0,0,0,0,0,0,0,0,0.0,0.0,0.0,0.0,0.0,0.0
1762798535.3336532,1,1,182,29031,15872,2495476,0,0,0,0,0.0,0.0,0.0,0.0,0.0,0.0
1762798535.3336532,1,2,14644,14658,1258570,1259888,0,0,0,0,0.0,0.0,0.0,0.0,0.0,0.0
1762798535.3336532,1,3,14578,14693,1252930,1262614,0,0,0,0,0.0,0.0,0.0,0.0,0.0,0.0
1762798535.3336532,2,4294967294,0,0,0,0,0,0,0,0,0.0,0.0,0.0,0.0,0.0,0.0
1762798535.3336532,2,1,184,28962,16068,2489558,0,0,0,0,0.0,0.0,0.0,0.0,0.0,0.0
1762798535.3336532,2,2,14658,14644,1259888,1258570,1,0,0,0,0.0,0.0,0.0,0.0,0.0,0.0
1762798535.3336532,2,3,14635,14641,1257640,1258342,0,0,0,0,0.0,0.0,0.0,0.0,0.0,0.0
1762798536.3336418,3,4294967294,0,0,0,0,0,0,0,0,0.0,0.0,0.0,0.0,0.0,0.0
1762798536.3336418,3,1,14693,14578,1262614,1252930,1,0,0,0,0.0,0.0,0.0,0.0,0.0,0.0
1762798536.3336418,3,2,14641,14635,1258342,1257640,1,0,0,0,0.0,0.0,0.0,0.0,0.0,0.0
1762798536.3336418,1,4294967294,0,0,0,0,0,0,0,0,0.0,0.0,0.0,0.0,0.0,0.0
1762798536.3336418,1,1,182,29031,15872,2495476,0,0,0,0,0.0,0.0,0.0,0.0,0.0,0.0
1762798536.3336418,1,2,14644,14658,1258570,1259888,0,0,0,0,0.0,0.0,0.0,0.0,0.0,0.0
1762798536.3336418,1,3,14578,14693,1252930,1262614,0,0,0,0,0.0,0.0,0.0,0.0,0.0,0.0
1762798536.3336418,2,4294967294,0,0,0,0,0,0,0,0,0.0,0.0,0.0,0.0,0.0,0.0
1762798536.3336418,2,1,184,28962,16068,2489558,0,0,0,0,0.0,0.0,0.0,0.0,0.0,0.0
1762798536.3336418,2,2,14658,14644,1259888,1258570,1,0,0,0,0.0,0.0,0.0,0.0,0.0,0.0
1762798536.3336418,2,3,14635,14641,1257640,1258342,0,0,0,0,0.0,0.0,0.0,0.0,0.0,0.0
1762798537.3336408,3,4294967294,0,0,0,0,0,0,0,0,0.0,0.0,0.0,0.0,0.0,0.0
1762798537.3336408,3,1,17239,17116,1480762,1470470,1,0,0,0,0.0,0.0,0.0,0.0,0.0,0.0
1762798537.3336408,3,2,17183,17167,1476242,1474612,1,0,0,0,0.0,0.0,0.0,0.0,0.0,0.0
1762798537.3336408,1,4294967294,0,0,0,0,0,0,0,0,0.0,0.0,0.0,0.0,0.0,0.0
1762798537.3336408,1,1,199,34085,17342,2928692,0,0,0,0,0.0,0.0,0.0,0.0,0.0,0.0
1762798537.3336408,1,2,17195,17198,1477212,1477640,0,0,0,0,0.0,0.0,0.0,0.0,0.0,0.0
1762798537.3336408,1,3,17116,17239,1470470,1480762,0,0,0,0,0.0,0.0,0.0,0.0,0.0,0.0
1762798537.3336408,2,4294967294,0,0,0,0,0,0,0,0,0.0,0.0,0.0,0.0,0.0,0.0
1762798537.3336408,2,1,201,34018,17538,2922986,0,0,0,0,0.0,0.0,0.0,0.0,0.0,0.0
1762798537.3336408,2,2,17198,17195,1477640,1477212,1,0,0,0,0.0,0.0,0.0,0.0,0.0,0.0
1762798537.3336408,2,3,17167,17183,1474612,1476242,0,0,0,0,0.0,0.0,0.0,0.0,0.0,0.0
1762798538.3336463,3,4294967294,0,0,0,0,0,0,0,0,0.0,0.0,0.0,0.0,0.0,0.0
1762798538.3336463,3,1,17239,17116,1480762,1470470,1,0,0,0,0.0,0.0,0.0,0.0,0.0,0.0
1762798538.3336463,3,2,17183,17167,1476242,1474612,1,0,0,0,0.0,0.0,0.0,0.0,0.0,0.0
1762798538.3336463,1,4294967294,0,0,0,0,0,0,0,0,0.0,0.0,0.0,0.0,0.0,0.0
1762798538.3336463,1,1,199,34085,17342,2928692,0,0,0,0,0.0,0.0,0.0,0.0,0.0,0.0
1762798538.3336463,1,2,17195,17198,1477212,1477640,0,0,0,0,0.0,0.0,0.0,0.0,0.0,0.0
1762798538.3336463,1,3,17116,17239,1470470,1480762,0,0,0,0,0.0,0.0,0.0,0.0,0.0,0.0
1762798538.3336463,2,4294967294,0,0,0,0,0,0,0,0,0.0,0.0,0.0,0.0,0.0,0.0
1762798538.3336463,2,1,201,34018,17538,2922986,0,0,0,0,0.0,0.0,0.0,0.0,0.0,0.0
1762798538.3336463,2,2,17198,17195,1477640,1477212,1,0,0,0,0.0,0.0,0.0,0.0,0.0,0.0
1762798538.3336463,2,3,17167,17183,1474612,1476242,0,0,0,0,0.0,0.0,0.0,0.0,0.0,0.0
1762798539.3336372,3,4294967294,0,0,0,0,0,0,0,0,0.0,0.0,0.0,0.0,0.0,0.0
1762798539.3336372,3,1,19790,19664,1699224,1688674,1,0,0,0,0.0,0.0,0.0,0.0,0.0,0.0
1762798539.3336372,3,2,19744,19714,1695496,1692666,1,0,0,0,0.0,0.0,0.0,0.0,0.0,0.0
1762798539.3336372,1,4294967294,0,0,0,0,0,0,0,0,0.0,0.0,0.0,0.0,0.0,0.0
1762798539.3336372,1,1,214,39167,18656,3364020,0,0,0,0,0.0,0.0,0.0,0.0,0.0,0.0
1762798539.3336372,1,2,19744,19762,1695506,1697240,0,0,0,0,0.0,0.0,0.0,0.0,0.0,0.0
1762798539.3336372,1,3,19664,19790,1688674,1699224,0,0,0,0,0.0,0.0,0.0,0.0,0.0,0.0
1762798539.3336372,2,4294967294,0,0,0,0,0,0,0,0,0.0,0.0,0.0,0.0,0.0,0.0
1762798539.3336372,2,1,215,39099,18766,3358108,0,0,0,0,0.0,0.0,0.0,0.0,0.0,0.0
1762798539.3336372,2,2,19762,19744,1697240,1695506,1,0,0,0,0.0,0.0,0.0,0.0,0.0,0.0
1762798539.3336372,2,3,19714,19744,1692666,1695496,0,0,0,0,0.0,0.0,0.0,0.0,0.0,0.0
1762798540.3336356,3,4294967294,0,0,0,0,0,0,0,0,0.0,0.0,0.0,0.0,0.0,0.0
1762798540.3336356,3,1,19790,19664,1699224,1688674,1,0,0,0,0.0,0.0,0.0,0.0,0.0,0.0
1762798540.3336356,3,2,19744,19714,1695496,1692666,1,0,0,0,0.0,0.0,0.0,0.0,0.0,0.0
1762798540.3336356,1,4294967294,0,0,0,0,0,0,0,0,0.0,0.0,0.0,0.0,0.0,0.0
1762798540.3336356,1,1,214,39167,18656,3364020,0,0,0,0,0.0,0.0,0.0,0.0,0.0,0.0
1762798540.3336356,1,2,19744,19762,1695506,1697240,0,0,0,0,0.0,0.0,0.0,0.0,0.0,0.0
1762798540.3336356,1,3,19664,19790,1688674,1699224,0,0,0,0,0.0,0.0,0.0,0.0,0.0,0.0
1762798540.3336356,2,4294967294,0,0,0,0,0,0,0,0,0.0,0.0,0.0,0.0,0.0,0.0
1762798540.3336356,2,1,215,39099,18766,3358108,0,0,0,0,0.0,0.0,0.0,0.0,0.0,0.0
1762798540.3336356,2,2,19762,19744,1697240,1695506,1,0,0,0,0.0,0.0,0.0,0.0,0.0,0.0
1762798540.3336356,2,3,19714,19744,1692666,1695496,0,0,0,0,0.0,0.0,0.0,0.0,0.0,0.0
1762798541.333635,3,4294967294,0,0,0,0,0,0,0,0,0.0,0.0,0.0,0.0,0.0,0.0
1762798541.333635,3,1,22366,22237,1919856,1909004,1,0,0,0,0.0,0.0,0.0,0.0,0.0,0.0
1762798541.333635,3,2,22317,22274,1915874,1911958,1,0,0,0,0.0,0.0,0.0,0.0,0.0,0.0
1762798541.333635,1,4294967294,0,0,0,0,0,0,0,0,0.0,0.0,0.0,0.0,0.0,0.0
1762798541.333635,1,1,228,44289,19884,3802714,0,0,0,0,0.0,0.0,0.0,0.0,0.0,0.0
1762798541.333635,1,2,22314,22334,1915596,1917532,0,0,0,0,0.0,0.0,0.0,0.0,0.0,0.0
1762798541.333635,1,3,22237,22366,1909004,1919856,0,0,0,0,0.0,0.0,0.0,0.0,0.0,0.0
1762798541.333635,2,4294967294,0,0,0,0,0,0,0,0,0.0,0.0,0.0,0.0,0.0,0.0
1762798541.333635,2,1,230,44220,20080,3796704,0,0,0,0,0.0,0.0,0.0,0.0,0.0,0.0
1762798541.333635,2,2,22334,22314,1917532,1915596,1,0,0,0,0.0,0.0,0.0,0.0,0.0,0.0
1762798541.333635,2,3,22274,22317,1911958,1915874,0,0,0,0,0.0,0.0,0.0,0.0,0.0,0.0
1762798542.3335817,3,4294967294,0,0,0,0,0,0,0,0,0.0,0.0,0.0,0.0,0.0,0.0
1762798542.3335817,3,1,22366,22237,1919856,1909004,1,0,0,0,0.0,0.0,0.0,0.0,0.0,0.0
1762798542.3335817,3,2,22317,22274,1915874,1911958,1,0,0,0,0.0,0.0,0.0,0.0,0.0,0.0
1762798542.3335817,1,4294967294,0,0,0,0,0,0,0,0,0.0,0.0,0.0,0.0,0.0,0.0
1762798542.3335817,1,1,228,44289,19884,3802714,0,0,0,0,0.0,0.0,0.0,0.0,0.0,0.0
1762798542.3335817,1,2,22314,22334,1915596,1917532,0,0,0,0,0.0,0.0,0.0,0.0,0.0,0.0
1762798542.3335817,1,3,22237,22366,1909004,1919856,0,0,0,0,0.0,0.0,0.0,0.0,0.0,0.0
1762798542.3335817,2,4294967294,0,0,0,0,0,0,0,0,0.0,0.0,0.0,0.0,0.0,0.0
1762798542.3335817,2,1,230,44220,20080,3796704,0,0,0,0,0.0,0.0,0.0,0.0,0.0,0.0
1762798542.3335817,2,2,22334,22314,1917532,1915596,1,0,0,0,0.0,0.0,0.0,0.0,0.0,0.0
1762798542.3335817,2,3,22274,22317,1911958,1915874,0,0,0,0,0.0,0.0,0.0,0.0,0.0,0.0
1762798543.3329005,3,4294967294,0,0,0,0,0,0,0,0,0.0,0.0,0.0,0.0,0.0,0.0
1762798543.3329005,3,1,24904,24778,2137256,2126684,1,0,0,0,0.0,0.0,0.0,0.0,0.0,0.0
1762798543.3329005,3,2,24871,24808,2134662,2128972,1,0,0,0,0.0,0.0,0.0,0.0,0.0,0.0
1762798543.3329005,1,4294967294,0,0,0,0,0,0,0,0,0.0,0.0,0.0,0.0,0.0,0.0
1762798543.3329005,1,1,242,49349,21112,4236238,0,0,0,0,0.0,0.0,0.0,0.0,0.0,0.0
1762798543.3329005,1,2,24849,24882,2132790,2135798,0,0,0,0,0.0,0.0,0.0,0.0,0.0,0.0
1762798543.3329005,1,3,24778,24904,2126684,2137256,0,0,0,0,0.0,0.0,0.0,0.0,0.0,0.0
1762798543.3329005,2,4294967294,0,0,0,0,0,0,0,0,0.0,0.0,0.0,0.0,0.0,0.0
1762798543.3329005,2,1,243,49282,21222,4230408,0,0,0,0,0.0,0.0,0.0,0.0,0.0,0.0
1762798543.3329005,2,2,24882,24849,2135798,2132790,1,0,0,0,0.0,0.0,0.0,0.0,0.0,0.0
1762798543.3329005,2,3,24808,24871,2128972,2134662,0,0,0,0,0.0,0.0,0.0,0.0,0.0,0.0
1762798544.3336444,3,4294967294,0,0,0,0,0,0,0,0,0.0,0.0,0.0,0.0,0.0,0.0
1762798544.3336444,3,1,24904,24778,2137256,2126684,1,0,0,0,0.0,0.0,0.0,0.0,0.0,0.0
1762798544.3336444,3,2,24871,24808,2134662,2128972,1,0,0,0,0.0,0.0,0.0,0.0,0.0,0.0
1762798544.3336444,1,4294967294,0,0,0,0,0,0,0,0,0.0,0.0,0.0,0.0,0.0,0.0
1762798544.3336444,1,1,242,49349,21112,4236238,0,0,0,0,0.0,0.0,0.0,0.0,0.0,0.0
1762798544.3336444,1,2,24849,24882,2132790,2135798,0,0,0,0,0.0,0.0,0.0,0.0,0.0,0.0
1762798544.3336444,1,3,24778,24904,2126684,2137256,0,0,0,0,0.0,0.0,0.0,0.0,0.0,0.0
1762798544.3336444,2,4294967294,0,0,0,0,0,0,0,0,0.0,0.0,0.0,0.0,0.0,0.0
1762798544.3336444,2,1,243,49282,21222,4230408,0,0,0,0,0.0,0.0,0.0,0.0,0.0,0.0
1762798544.3336444,2,2,24882,24849,2135798,2132790,1,0,0,0,0.0,0.0,0.0,0.0,0.0,0.0
1762798544.3336444,2,3,24808,24871,2128972,2134662,0,0,0,0,0.0,0.0,0.0,0.0,0.0,0.0
1762798545.333639,3,4294967294,0,0,0,0,0,0,0,0,0.0,0.0,0.0,0.0,0.0,0.0
1762798545.333639,3,1,27465,27335,2356636,2345726,1,0,0,0,0.0,0.0,0.0,0.0,0.0,0.0
1762798545.333639,3,2,27437,27366,2354508,2348160,1,0,0,0,0.0,0.0,0.0,0.0,0.0,0.0
1762798545.333639,1,4294967294,0,0,0,0,0,0,0,0,0.0,0.0,0.0,0.0,0.0,0.0
1762798545.333639,1,1,255,54454,22254,4673620,0,0,0,0,0.0,0.0,0.0,0.0,0.0,0.0
1762798545.333639,1,2,27413,27447,2352454,2355556,0,0,0,0,0.0,0.0,0.0,0.0,0.0,0.0
1762798545.333639,1,3,27335,27465,2345726,2356636,0,0,0,0,0.0,0.0,0.0,0.0,0.0,0.0
1762798545.333639,2,4294967294,0,0,0,0,0,0,0,0,0.0,0.0,0.0,0.0,0.0,0.0
1762798545.333639,2,1,257,54385,22450,4667698,0,0,0,0,0.0,0.0,0.0,0.0,0.0,0.0
1762798545.333639,2,2,27447,27413,2355556,2352454,1,0,0,0,0.0,0.0,0.0,0.0,0.0,0.0
1762798545.333639,2,3,27366,27437,2348160,2354508,0,0,0,0,0.0,0.0,0.0,0.0,0.0,0.0
1762798546.3336148,3,4294967294,0,0,0,0,0,0,0,0,0.0,0.0,0.0,0.0,0.0,0.0
1762798546.3336148,3,1,27465,27335,2356636,2345726,1,0,0,0,0.0,0.0,0.0,0.0,0.0,0.0
1762798546.3336148,3,2,27437,27366,2354508,2348160,1,0,0,0,0.0,0.0,0.0,0.0,0.0,0.0
1762798546.3336148,1,4294967294,0,0,0,0,0,0,0,0,0.0,0.0,0.0,0.0,0.0,0.0
1762798546.3336148,1,1,255,54454,22254,4673620,0,0,0,0,0.0,0.0,0.0,0.0,0.0,0.0
1762798546.3336148,1,2,27413,27447,2352454,2355556,0,0,0,0,0.0,0.0,0.0,0.0,0.0,0.0
1762798546.3336148,1,3,27335,27465,2345726,2356636,0,0,0,0,0.0,0.0,0.0,0.0,0.0,0.0
1762798546.3336148,2,4294967294,0,0,0,0,0,0,0,0,0.0,0.0,0.0,0.0,0.0,0.0
1762798546.3336148,2,1,257,54385,22450,4667698,0,0,0,0,0.0,0.0,0.0,0.0,0.0,0.0
1762798546.3336148,2,2,27447,27413,2355556,2352454,1,0,0,0,0.0,0.0,0.0,0.0,0.0,0.0
1762798546.3336148,2,3,27366,27437,2348160,2354508,0,0,0,0,0.0,0.0,0.0,0.0,0.0,0.0
1762798547.3336484,3,4294967294,0,0,0,0,0,0,0,0,0.0,0.0,0.0,0.0,0.0,0.0
1762798547.3336484,3,1,30029,29890,2576356,2564716,1,0,0,0,0.0,0.0,0.0,0.0,0.0,0.0
1762798547.3336484,3,2,30007,29923,2574756,2567242,1,0,0,0,0.0,0.0,0.0,0.0,0.0,0.0
1762798547.3336484,1,4294967294,0,0,0,0,0,0,0,0,0.0,0.0,0.0,0.0,0.0,0.0
1762798547.3336484,1,1,268,59554,23396,5110708,0,0,0,0,0.0,0.0,0.0,0.0,0.0,0.0
1762798547.3336484,1,2,29968,30008,2571456,2575026,0,0,0,0,0.0,0.0,0.0,0.0,0.0,0.0
1762798547.3336484,1,3,29890,30029,2564716,2576356,0,0,0,0,0.0,0.0,0.0,0.0,0.0,0.0
1762798547.3336484,2,4294967294,0,0,0,0,0,0,0,0,0.0,0.0,0.0,0.0,0.0,0.0
1762798547.3336484,2,1,269,59485,23506,5104834,0,0,0,0,0.0,0.0,0.0,0.0,0.0,0.0
1762798547.3336484,2,2,30008,29968,2575026,2571456,1,0,0,0,0.0,0.0,0.0,0.0,0.0,0.0
1762798547.3336484,2,3,29923,30007,2567242,2574756,0,0,0,0,0.0,0.0,0.0,0.0,0.0,0.0
1762798548.333647,3,4294967294,0,0,0,0,0,0,0,0,0.0,0.0,0.0,0.0,0.0,0.0
1762798548.333647,3,1,30029,29890,2576356,2564716,1,0,0,0,0.0,0.0,0.0,0.0,0.0,0.0
1762798548.333647,3,2,30007,29923,2574756,2567242,1,0,0,0,0.0,0.0,0.0,0.0,0.0,0.0
1762798548.333647,1,4294967294,0,0,0,0,0,0,0,0,0.0,0.0,0.0,0.0,0.0,0.0
1762798548.333647,1,1,268,59554,23396,5110708,0,0,0,0,0.0,0.0,0.0,0.0,0.0,0.0
1762798548.333647,1,2,29968,30008,2571456,2575026,0,0,0,0,0.0,0.0,0.0,0.0,0.0,0.0
1762798548.333647,1,3,29890,30029,2564716,2576356,0,0,0,0,0.0,0.0,0.0,0.0,0.0,0.0
1762798548.333647,2,4294967294,0,0,0,0,0,0,0,0,0.0,0.0,0.0,0.0,0.0,0.0
1762798548.333647,2,1,269,59485,23506,5104834,0,0,0,0,0.0,0.0,0.0,0.0,0.0,0.0
1762798548.333647,2,2,30008,29968,2575026,2571456,1,0,0,0,0.0,0.0,0.0,0.0,0.0,0.0
1762798548.333647,2,3,29923,30007,2567242,2574756,0,0,0,0,0.0,0.0,0.0,0.0,0.0,0.0
1762798549.3336365,3,4294967294,0,0,0,0,0,0,0,0,0.0,0.0,0.0,0.0,0.0,0.0
1762798549.3336365,3,1,32518,32386,2789682,2778644,1,0,0,0,0.0,0.0,0.0,0.0,0.0,0.0
1762798549.3336365,3,2,32502,32404,2788598,2779888,1,0,0,0,0.0,0.0,0.0,0.0,0.0,0.0
1762798549.3336365,1,4294967294,0,0,0,0,0,0,0,0,0.0,0.0,0.0,0.0,0.0,0.0
1762798549.3336365,1,1,280,64519,24452,5536292,0,0,0,0,0.0,0.0,0.0,0.0,0.0,0.0
1762798549.3336365,1,2,32459,32504,2784942,2788946,0,0,0,0,0.0,0.0,0.0,0.0,0.0,0.0
1762798549.3336365,1,3,32386,32518,2778644,2789682,0,0,0,0,0.0,0.0,0.0,0.0,0.0,0.0
1762798549.3336365,2,4294967294,0,0,0,0,0,0,0,0,0.0,0.0,0.0,0.0,0.0,0.0
1762798549.3336365,2,1,281,64448,24562,5530252,0,0,0,0,0.0,0.0,0.0,0.0,0.0,0.0
1762798549.3336365,2,2,32504,32459,2788946,2784942,1,0,0,0,0.0,0.0,0.0,0.0,0.0,0.0
1762798549.3336365,2,3,32404,32502,2779888,2788598,0,0,0,0,0.0,0.0,0.0,0.0,0.0,0.0
1762798550.333653,3,4294967294,0,0,0,0,0,0,0,0,0.0,0.0,0.0,0.0,0.0,0.0
1762798550.333653,3,1,32518,32386,2789682,2778644,1,0,0,0,0.0,0.0,0.0,0.0,0.0,0.0
1762798550.333653,3,2,32502,32404,2788598,2779888,1,0,0,0,0.0,0.0,0.0,0.0,0.0,0.0
1762798550.333653,1,4294967294,0,0,0,0,0,0,0,0,0.0,0.0,0.0,0.0,0.0,0.0
1762798550.333653,1,1,280,64519,24452,5536292,0,0,0,0,0.0,0.0,0.0,0.0,0.0,0.0
1762798550.333653,1,2,32459,32504,2784942,2788946,0,0,0,0,0.0,0.0,0.0,0.0,0.0,0.0
1762798550.333653,1,3,32386,32518,2778644,2789682,0,0,0,0,0.0,0.0,0.0,0.0,0.0,0.0
1762798550.333653,2,4294967294,0,0,0,0,0,0,0,0,0.0,0.0,0.0,0.0,0.0,0.0
1762798550.333653,2,1,281,64448,24562,5530252,0,0,0,0,0.0,0.0,0.0,0.0,0.0,0.0
1762798550.333653,2,2,32504,32459,2788946,2784942,1,0,0,0,0.0,0.0,0.0,0.0,0.0,0.0
1762798550.333653,2,3,32404,32502,2779888,2788598,0,0,0,0,0.0,0.0,0.0,0.0,0.0,0.0
1762798551.332883,3,4294967294,0,0,0,0,0,0,0,0,0.0,0.0,0.0,0.0,0.0,0.0
1762798551.332883,3,1,35046,34914,3006294,2995244,1,0,0,0,0.0,0.0,0.0,0.0,0.0,0.0
1762798551.332883,3,2,35034,34925,3005574,2995926,1,0,0,0,0.0,0.0,0.0,0.0,0.0,0.0
1762798551.332883,1,4294967294,0,0,0,0,0,0,0,0,0.0,0.0,0.0,0.0,0.0,0.0
1762798551.332883,1,1,291,69553,25422,5967644,0,0,0,0,0.0,0.0,0.0,0.0,0.0,0.0
1762798551.332883,1,2,34983,35032,3001060,3005512,0,0,0,0,0.0,0.0,0.0,0.0,0.0,0.0
1762798551.332883,1,3,34914,35046,2995244,3006294,0,0,0,0,0.0,0.0,0.0,0.0,0.0,0.0
1762798551.332883,2,4294967294,0,0,0,0,0,0,0,0,0.0,0.0,0.0,0.0,0.0,0.0
1762798551.332883,2,1,293,69485,25618,5961780,0,0,0,0,0.0,0.0,0.0,0.0,0.0,0.0
1762798551.332883,2,2,35032,34983,3005512,3001060,1,0,0,0,0.0,0.0,0.0,0.0,0.0,0.0
1762798551.332883,2,3,34925,35034,2995926,3005574,0,0,0,0,0.0,0.0,0.0,0.0,0.0,0.0
1762798552.3336537,3,4294967294,0,0,0,0,0,0,0,0,0.0,0.0,0.0,0.0,0.0,0.0
1762798552.3336537,3,1,35046,34914,3006294,2995244,1,0,0,0,0.0,0.0,0.0,0.0,0.0,0.0
1762798552.3336537,3,2,35034,34925,3005574,2995926,1,0,0,0,0.0,0.0,0.0,0.0,0.0,0.0
1762798552.3336537,1,4294967294,0,0,0,0,0,0,0,0,0.0,0.0,0.0,0.0,0.0,0.0
1762798552.3336537,1,1,291,69553,25422,5967644,0,0,0,0,0.0,0.0,0.0,0.0,0.0,0.0
1762798552.3336537,1,2,34983,35032,3001060,3005512,0,0,0,0,0.0,0.0,0.0,0.0,0.0,0.0
1762798552.3336537,1,3,34914,35046,2995244,3006294,0,0,0,0,0.0,0.0,0.0,0.0,0.0,0.0
1762798552.3336537,2,4294967294,0,0,0,0,0,0,0,0,0.0,0.0,0.0,0.0,0.0,0.0
1762798552.3336537,2,1,293,69485,25618,5961780,0,0,0,0,0.0,0.0,0.0,0.0,0.0,0.0
1762798552.3336537,2,2,35032,34983,3005512,3001060,1,0,0,0,0.0,0.0,0.0,0.0,0.0,0.0
1762798552.3336537,2,3,34925,35034,2995926,3005574,0,0,0,0,0.0,0.0,0.0,0.0,0.0,0.0
1762798553.3336565,3,4294967294,0,0,0,0,0,0,0,0,0.0,0.0,0.0,0.0,0.0,0.0
1762798553.3336565,3,1,37535,37393,3219462,3207636,1,0,0,0,0.0,0.0,0.0,0.0,0.0,0.0
1762798553.3336565,3,2,37521,37407,3218600,3208436,1,0,0,0,0.0,0.0,0.0,0.0,0.0,0.0
1762798553.3336565,1,4294967294,0,0,0,0,0,0,0,0,0.0,0.0,0.0,0.0,0.0,0.0
1762798553.3336565,1,1,302,74498,26392,6391330,0,0,0,0,0.0,0.0,0.0,0.0,0.0,0.0
1762798553.3336565,1,2,37460,37512,3213282,3218032,0,0,0,0,0.0,0.0,0.0,0.0,0.0,0.0
1762798553.3336565,1,3,37393,37535,3207636,3219462,0,0,0,0,0.0,0.0,0.0,0.0,0.0,0.0
1762798553.3336565,2,4294967294,0,0,0,0,0,0,0,0,0.0,0.0,0.0,0.0,0.0,0.0
1762798553.3336565,2,1,305,74430,26658,6385458,0,0,0,0,0.0,0.0,0.0,0.0,0.0,0.0
1762798553.3336565,2,2,37512,37460,3218032,3213282,1,0,0,0,0.0,0.0,0.0,0.0,0.0,0.0
1762798553.3336565,2,3,37407,37521,3208436,3218600,0,0,0,0,0.0,0.0,0.0,0.0,0.0,0.0
1762798554.3335834,3,4294967294,0,0,0,0,0,0,0,0,0.0,0.0,0.0,0.0,0.0,0.0
1762798554.3335834,3,1,37535,37393,3219462,3207636,1,0,0,0,0.0,0.0,0.0,0.0,0.0,0.0
1762798554.3335834,3,2,37521,37407,3218600,3208436,1,0,0,0,0.0,0.0,0.0,0.0,0.0,0.0
1762798554.3335834,1,4294967294,0,0,0,0,0,0,0,0,0.0,0.0,0.0,0.0,0.0,0.0
1762798554.3335834,1,1,302,74498,26392,6391330,0,0,0,0,0.0,0.0,0.0,0.0,0.0,0.0
1762798554.3335834,1,2,37460,37512,3213282,3218032,0,0,0,0,0.0,0.0,0.0,0.0,0.0,0.0
1762798554.3335834,1,3,37393,37535,3207636,3219462,0,0,0,0,0.0,0.0,0.0,0.0,0.0,0.0
1762798554.3335834,2,4294967294,0,0,0,0,0,0,0,0,0.0,0.0,0.0,0.0,0.0,0.0
1762798554.3335834,2,1,305,74430,26658,6385458,0,0,0,0,0.0,0.0,0.0,0.0,0.0,0.0
1762798554.3335834,2,2,37512,37460,3218032,3213282,1,0,0,0,0.0,0.0,0.0,0.0,0.0,0.0
1762798554.3335834,2,3,37407,37521,3208436,3218600,0,0,0,0,0.0,0.0,0.0,0.0,0.0,0.0
1762798555.3336585,3,4294967294,0,0,0,0,0,0,0,0,0.0,0.0,0.0,0.0,0.0,0.0
1762798555.3336585,3,1,40046,39892,3434516,3421622,1,0,0,0,0.0,0.0,0.0,0.0,0.0,0.0
1762798555.3336585,3,2,40027,39911,3433258,3422944,1,0,0,0,0.0,0.0,0.0,0.0,0.0,0.0
1762798555.3336585,1,4294967294,0,0,0,0,0,0,0,0,0.0,0.0,0.0,0.0,0.0,0.0
1762798555.3336585,1,1,312,79494,27264,6819234,0,0,0,0,0.0,0.0,0.0,0.0,0.0,0.0
1762798555.3336585,1,2,39971,40014,3428288,3432308,0,0,0,0,0.0,0.0,0.0,0.0,0.0,0.0
1762798555.3336585,1,3,39892,40046,3421622,3434516,0,0,0,0,0.0,0.0,0.0,0.0,0.0,0.0
1762798555.3336585,2,4294967294,0,0,0,0,0,0,0,0,0.0,0.0,0.0,0.0,0.0,0.0
1762798555.3336585,2,1,315,79424,27530,6813210,0,0,0,0,0.0,0.0,0.0,0.0,0.0,0.0
1762798555.3336585,2,2,40014,39971,3432308,3428288,1,0,0,0,0.0,0.0,0.0,0.0,0.0,0.0
1762798555.3336585,2,3,39911,40027,3422944,3433258,0,0,0,0,0.0,0.0,0.0,0.0,0.0,0.0
1762798556.3336449,3,4294967294,0,0,0,0,0,0,0,0,0.0,0.0,0.0,0.0,0.0,0.0
1762798556.3336449,3,1,40046,39892,3434516,3421622,1,0,0,0,0.0,0.0,0.0,0.0,0.0,0.0
1762798556.3336449,3,2,40027,39911,3433258,3422944,1,0,0,0,0.0,0.0,0.0,0.0,0.0,0.0
1762798556.3336449,1,4294967294,0,0,0,0,0,0,0,0,0.0,0.0,0.0,0.0,0.0,0.0
1762798556.3336449,1,1,312,79494,27264,6819234,0,0,0,0,0.0,0.0,0.0,0.0,0.0,0.0
1762798556.3336449,1,2,39971,40014,3428288,3432308,0,0,0,0,0.0,0.0,0.0,0.0,0.0,0.0
1762798556.3336449,1,3,39892,40046,3421622,3434516,0,0,0,0,0.0,0.0,0.0,0.0,0.0,0.0
1762798556.3336449,2,4294967294,0,0,0,0,0,0,0,0,0.0,0.0,0.0,0.0,0.0,0.0
1762798556.3336449,2,1,315,79424,27530,6813210,0,0,0,0,0.0,0.0,0.0,0.0,0.0,0.0
1762798556.3336449,2,2,40014,39971,3432308,3428288,1,0,0,0,0.0,0.0,0.0,0.0,0.0,0.0
1762798556.3336449,2,3,39911,40027,3422944,3433258,0,0,0,0,0.0,0.0,0.0,0.0,0.0,0.0
1762798557.333645,3,4294967294,0,0,0,0,0,0,0,0,0.0,0.0,0.0,0.0,0.0,0.0
1762798557.333645,3,1,42612,42448,3654148,3640502,1,0,0,0,0.0,0.0,0.0,0.0,0.0,0.0
1762798557.333645,3,2,42586,42470,3652340,3641974,1,0,0,0,0.0,0.0,0.0,0.0,0.0,0.0
1762798557.333645,1,4294967294,0,0,0,0,0,0,0,0,0.0,0.0,0.0,0.0,0.0,0.0
1762798557.333645,1,1,324,84596,28304,7256118,0,0,0,0,0.0,0.0,0.0,0.0,0.0,0.0
1762798557.333645,1,2,42537,42575,3648044,3651566,0,0,0,0,0.0,0.0,0.0,0.0,0.0,0.0
1762798557.333645,1,3,42448,42612,3640502,3654148,0,0,0,0,0.0,0.0,0.0,0.0,0.0,0.0
1762798557.333645,2,4294967294,0,0,0,0,0,0,0,0,0.0,0.0,0.0,0.0,0.0,0.0
1762798557.333645,2,1,325,84528,28414,7250294,0,0,0,0,0.0,0.0,0.0,0.0,0.0,0.0
1762798557.333645,2,2,42575,42537,3651566,3648044,1,0,0,0,0.0,0.0,0.0,0.0,0.0,0.0
1762798557.333645,2,3,42470,42586,3641974,3652340,0,0,0,0,0.0,0.0,0.0,0.0,0.0,0.0
1762798558.3336446,3,4294967294,0,0,0,0,0,0,0,0,0.0,0.0,0.0,0.0,0.0,0.0
1762798558.3336446,3,1,42612,42448,3654148,3640502,1,0,0,0,0.0,0.0,0.0,0.0,0.0,0.0
1762798558.3336446,3,2,42586,42470,3652340,3641974,1,0,0,0,0.0,0.0,0.0,0.0,0.0,0.0
1762798558.3336446,1,4294967294,0,0,0,0,0,0,0,0,0.0,0.0,0.0,0.0,0.0,0.0
1762798558.3336446,1,1,324,84596,28304,7256118,0,0,0,0,0.0,0.0,0.0,0.0,0.0,0.0
1762798558.3336446,1,2,42537,42575,3648044,3651566,0,0,0,0,0.0,0.0,0.0,0.0,0.0,0.0
1762798558.3336446,1,3,42448,42612,3640502,3654148,0,0,0,0,0.0,0.0,0.0,0.0,0.0,0.0
1762798558.3336446,2,4294967294,0,0,0,0,0,0,0,0,0.0,0.0,0.0,0.0,0.0,0.0
1762798558.3336446,2,1,325,84528,28414,7250294,0,0,0,0,0.0,0.0,0.0,0.0,0.0,0.0
1762798558.3336446,2,2,42575,42537,3651566,3648044,1,0,0,0,0.0,0.0,0.0,0.0,0.0,0.0
1762798558.3336446,2,3,42470,42586,3641974,3652340,0,0,0,0,0.0,0.0,0.0,0.0,0.0,0.0
1762798559.3336725,3,4294967294,0,0,0,0,0,0,0,0,0.0,0.0,0.0,0.0,0.0,0.0
1762798559.3336725,3,1,45171,44998,3873306,3858838,1,0,0,0,0.0,0.0,0.0,0.0,0.0,0.0
1762798559.3336725,3,2,45144,45024,3871336,3860646,1,0,0,0,0.0,0.0,0.0,0.0,0.0,0.0
1762798559.3336725,1,4294967294,0,0,0,0,0,0,0,0,0.0,0.0,0.0,0.0,0.0,0.0
1762798559.3336725,1,1,334,89688,29188,7692180,0,0,0,0,0.0,0.0,0.0,0.0,0.0,0.0
1762798559.3336725,1,2,45090,45126,3866540,3869988,0,0,0,0,0.0,0.0,0.0,0.0,0.0,0.0
1762798559.3336725,1,3,44998,45171,3858838,3873306,0,0,0,0,0.0,0.0,0.0,0.0,0.0,0.0
1762798559.3336725,2,4294967294,0,0,0,0,0,0,0,0,0.0,0.0,0.0,0.0,0.0,0.0
1762798559.3336725,2,1,336,89620,29384,7686286,0,0,0,0,0.0,0.0,0.0,0.0,0.0,0.0
1762798559.3336725,2,2,45126,45090,3869988,3866540,1,0,0,0,0.0,0.0,0.0,0.0,0.0,0.0
1762798559.3336725,2,3,45024,45144,3860646,3871336,0,0,0,0,0.0,0.0,0.0,0.0,0.0,0.0
1762798560.3335752,3,4294967294,0,0,0,0,0,0,0,0,0.0,0.0,0.0,0.0,0.0,0.0
1762798560.3335752,3,1,45171,44998,3873306,3858838,1,0,0,0,0.0,0.0,0.0,0.0,0.0,0.0
1762798560.3335752,3,2,45144,45024,3871336,3860646,1,0,0,0,0.0,0.0,0.0,0.0,0.0,0.0
1762798560.3335752,1,4294967294,0,0,0,0,0,0,0,0,0.0,0.0,0.0,0.0,0.0,0.0
1762798560.3335752,1,1,334,89688,29188,7692180,0,0,0,0,0.0,0.0,0.0,0.0,0.0,0.0
1762798560.3335752,1,2,45090,45126,3866540,3869988,0,0,0,0,0.0,0.0,0.0,0.0,0.0,0.0
1762798560.3335752,1,3,44998,45171,3858838,3873306,0,0,0,0,0.0,0.0,0.0,0.0,0.0,0.0
1762798560.3335752,2,4294967294,0,0,0,0,0,0,0,0,0.0,0.0,0.0,0.0,0.0,0.0
1762798560.3335752,2,1,336,89620,29384,7686286,0,0,0,0,0.0,0.0,0.0,0.0,0.0,0.0
1762798560.3335752,2,2,45126,45090,3869988,3866540,1,0,0,0,0.0,0.0,0.0,0.0,0.0,0.0
1762798560.3335752,2,3,45024,45144,3860646,3871336,0,0,0,0,0.0,0.0,0.0,0.0,0.0,0.0
1762798561.3336282,3,4294967294,0,0,0,0,0,0,0,0,0.0,0.0,0.0,0.0,0.0,0.0
1762798561.3336282,3,1,47685,47502,4088610,4073242,1,0,0,0,0.0,0.0,0.0,0.0,0.0,0.0
1762798561.3336282,3,2,47656,47534,4086428,4075596,1,0,0,0,0.0,0.0,0.0,0.0,0.0,0.0
1762798561.3336282,1,4294967294,0,0,0,0,0,0,0,0,0.0,0.0,0.0,0.0,0.0,0.0
1762798561.3336282,1,1,344,94689,30072,8120466,0,0,0,0,0.0,0.0,0.0,0.0,0.0,0.0
1762798561.3336282,1,2,47602,47633,4081632,4084616,0,0,0,0,0.0,0.0,0.0,0.0,0.0,0.0
1762798561.3336282,1,3,47502,47685,4073242,4088610,0,0,0,0,0.0,0.0,0.0,0.0,0.0,0.0
1762798561.3336282,2,4294967294,0,0,0,0,0,0,0,0,0.0,0.0,0.0,0.0,0.0,0.0
1762798561.3336282,2,1,346,94623,30268,8114666,0,0,0,0,0.0,0.0,0.0,0.0,0.0,0.0
1762798561.3336282,2,2,47633,47602,4084616,4081632,1,0,0,0,0.0,0.0,0.0,0.0,0.0,0.0
1762798561.3336282,2,3,47534,47656,4075596,4086428,0,0,0,0,0.0,0.0,0.0,0.0,0.0,0.0
1762798562.3329062,3,4294967294,0,0,0,0,0,0,0,0,0.0,0.0,0.0,0.0,0.0,0.0
1762798562.3329062,3,1,47685,47502,4088610,4073242,1,0,0,0,0.0,0.0,0.0,0.0,0.0,0.0
1762798562.3329062,3,2,47656,47534,4086428,4075596,1,0,0,0,0.0,0.0,0.0,0.0,0.0,0.0
1762798562.3329062,1,4294967294,0,0,0,0,0,0,0,0,0.0,0.0,0.0,0.0,0.0,0.0
1762798562.3329062,1,1,344,94689,30072,8120466,0,0,0,0,0.0,0.0,0.0,0.0,0.0,0.0
1762798562.3329062,1,2,47602,47633,4081632,4084616,0,0,0,0,0.0,0.0,0.0,0.0,0.0,0.0
1762798562.3329062,1,3,47502,47685,4073242,4088610,0,0,0,0,0.0,0.0,0.0,0.0,0.0,0.0
1762798562.3329062,2,4294967294,0,0,0,0,0,0,0,0,0.0,0.0,0.0,0.0,0.0,0.0
1762798562.3329062,2,1,346,94623,30268,8114666,0,0,0,0,0.0,0.0,0.0,0.0,0.0,0.0
1762798562.3329062,2,2,47633,47602,4084616,4081632,1,0,0,0,0.0,0.0,0.0,0.0,0.0,0.0
1762798562.3329062,2,3,47534,47656,4075596,4086428,0,0,0,0,0.0,0.0,0.0,0.0,0.0,0.0
1762798563.333647,3,4294967294,0,0,0,0,0,0,0,0,0.0,0.0,0.0,0.0,0.0,0.0
1762798563.333647,3,1,50247,50068,4307992,4292992,1,0,0,0,0.0,0.0,0.0,0.0,0.0,0.0
1762798563.333647,3,2,50223,50092,4306256,4294676,1,0,0,0,0.0,0.0,0.0,0.0,0.0,0.0
1762798563.333647,1,4294967294,0,0,0,0,0,0,0,0,0.0,0.0,0.0,0.0,0.0,0.0
1762798563.333647,1,1,354,99799,30956,8558106,0,0,0,0,0.0,0.0,0.0,0.0,0.0,0.0
1762798563.333647,1,2,50157,50193,4300398,4303828,0,0,0,0,0.0,0.0,0.0,0.0,0.0,0.0
1762798563.333647,1,3,50068,50247,4292992,4307992,0,0,0,0,0.0,0.0,0.0,0.0,0.0,0.0
1762798563.333647,2,4294967294,0,0,0,0,0,0,0,0,0.0,0.0,0.0,0.0,0.0,0.0
1762798563.333647,2,1,357,99731,31238,8552138,0,0,0,0,0.0,0.0,0.0,0.0,0.0,0.0
1762798563.333647,2,2,50193,50157,4303828,4300398,1,0,0,0,0.0,0.0,0.0,0.0,0.0,0.0
1762798563.333647,2,3,50092,50223,4294676,4306256,0,0,0,0,0.0,0.0,0.0,0.0,0.0,0.0
1762798564.3336751,3,4294967294,0,0,0,0,0,0,0,0,0.0,0.0,0.0,0.0,0.0,0.0
1762798564.3336751,3,1,50247,50068,4307992,4292992,1,0,0,0,0.0,0.0,0.0,0.0,0.0,0.0
1762798564.3336751,3,2,50223,50092,4306256,4294676,1,0,0,0,0.0,0.0,0.0,0.0,0.0,0.0
1762798564.3336751,1,4294967294,0,0,0,0,0,0,0,0,0.0,0.0,0.0,0.0,0.0,0.0
1762798564.3336751,1,1,354,99799,30956,8558106,0,0,0,0,0.0,0.0,0.0,0.0,0.0,0.0
1762798564.3336751,1,2,50157,50193,4300398,4303828,0,0,0,0,0.0,0.0,0.0,0.0,0.0,0.0
1762798564.3336751,1,3,50068,50247,4292992,4307992,0,0,0,0,0.0,0.0,0.0,0.0,0.0,0.0
1762798564.3336751,2,4294967294,0,0,0,0,0,0,0,0,0.0,0.0,0.0,0.0,0.0,0.0
1762798564.3336751,2,1,357,99731,31238,8552138,0,0,0,0,0.0,0.0,0.0,0.0,0.0,0.0
1762798564.3336751,2,2,50193,50157,4303828,4300398,1,0,0,0,0.0,0.0,0.0,0.0,0.0,0.0
1762798564.3336751,2,3,50092,50223,4294676,4306256,0,0,0,0,0.0,0.0,0.0,0.0,0.0,0.0
1762798565.3336415,3,4294967294,0,0,0,0,0,0,0,0,0.0,0.0,0.0,0.0,0.0,0.0
1762798565.3336415,3,1,52818,52626,4528202,4512064,1,0,0,0,0.0,0.0,0.0,0.0,0.0,0.0
1762798565.3336415,3,2,52794,52660,4526454,4514592,1,0,0,0,0.0,0.0,0.0,0.0,0.0,0.0
1762798565.3336415,1,4294967294,0,0,0,0,0,0,0,0,0.0,0.0,0.0,0.0,0.0,0.0
1762798565.3336415,1,1,364,104915,31840,8996326,0,0,0,0,0.0,0.0,0.0,0.0,0.0,0.0
1762798565.3336415,1,2,52721,52760,4520018,4523690,0,0,0,0,0.0,0.0,0.0,0.0,0.0,0.0
1762798565.3336415,1,3,52626,52818,4512064,4528202,0,0,0,0,0.0,0.0,0.0,0.0,0.0,0.0
1762798565.3336415,2,4294967294,0,0,0,0,0,0,0,0,0.0,0.0,0.0,0.0,0.0,0.0
1762798565.3336415,2,1,366,104847,32036,8990354,0,0,0,0,0.0,0.0,0.0,0.0,0.0,0.0
1762798565.3336415,2,2,52760,52721,4523690,4520018,1,0,0,0,0.0,0.0,0.0,0.0,0.0,0.0
1762798565.3336415,2,3,52660,52794,4514592,4526454,0,0,0,0,0.0,0.0,0.0,0.0,0.0,0.0
1762798566.333647,3,4294967294,0,0,0,0,0,0,0,0,0.0,0.0,0.0,0.0,0.0,0.0
1762798566.333647,3,1,52818,52626,4528202,4512064,1,0,0,0,0.0,0.0,0.0,0.0,0.0,0.0
1762798566.333647,3,2,52794,52660,4526454,4514592,1,0,0,0,0.0,0.0,0.0,0.0,0.0,0.0
1762798566.333647,1,4294967294,0,0,0,0,0,0,0,0,0.0,0.0,0.0,0.0,0.0,0.0
1762798566.333647,1,1,364,104915,31840,8996326,0,0,0,0,0.0,0.0,0.0,0.0,0.0,0.0
1762798566.333647,1,2,52721,52760,4520018,4523690,0,0,0,0,0.0,0.0,0.0,0.0,0.0,0.0
1762798566.333647,1,3,52626,52818,4512064,4528202,0,0,0,0,0.0,0.0,0.0,0.0,0.0,0.0
1762798566.333647,2,4294967294,0,0,0,0,0,0,0,0,0.0,0.0,0.0,0.0,0.0,0.0
1762798566.333647,2,1,366,104847,32036,8990354,0,0,0,0,0.0,0.0,0.0,0.0,0.0,0.0
1762798566.333647,2,2,52760,52721,4523690,4520018,1,0,0,0,0.0,0.0,0.0,0.0,0.0,0.0
1762798566.333647,2,3,52660,52794,4514592,4526454,0,0,0,0,0.0,0.0,0.0,0.0,0.0,0.0
1762798567.332991,3,4294967294,0,0,0,0,0,0,0,0,0.0,0.0,0.0,0.0,0.0,0.0
1762798567.332991,3,1,55396,55195,4749030,4732162,1,0,0,0,0.0,0.0,0.0,0.0,0.0,0.0
1762798567.332991,3,2,55359,55228,4746192,4734596,1,0,0,0,0.0,0.0,0.0,0.0,0.0,0.0
1762798567.332991,1,4294967294,0,0,0,0,0,0,0,0,0.0,0.0,0.0,0.0,0.0,0.0
1762798567.332991,1,1,374,110039,32724,9435248,0,0,0,0,0.0,0.0,0.0,0.0,0.0,0.0
1762798567.332991,1,2,55297,55324,4740694,4743294,0,0,0,0,0.0,0.0,0.0,0.0,0.0,0.0
1762798567.332991,1,3,55195,55396,4732162,4749030,0,0,0,0,0.0,0.0,0.0,0.0,0.0,0.0
1762798567.332991,2,4294967294,0,0,0,0,0,0,0,0,0.0,0.0,0.0,0.0,0.0,0.0
1762798567.332991,2,1,376,109971,32920,9429338,0,0,0,0,0.0,0.0,0.0,0.0,0.0,0.0
1762798567.332991,2,2,55324,55297,4743294,4740694,1,0,0,0,0.0,0.0,0.0,0.0,0.0,0.0
1762798567.332991,2,3,55228,55359,4734596,4746192,0,0,0,0,0.0,0.0,0.0,0.0,0.0,0.0
1762798568.3336108,3,4294967294,0,0,0,0,0,0,0,0,0.0,0.0,0.0,0.0,0.0,0.0
1762798568.3336108,3,1,55396,55195,4749030,4732162,1,0,0,0,0.0,0.0,0.0,0.0,0.0,0.0
1762798568.3336108,3,2,55359,55228,4746192,4734596,1,0,0,0,0.0,0.0,0.0,0.0,0.0,0.0
1762798568.3336108,1,4294967294,0,0,0,0,0,0,0,0,0.0,0.0,0.0,0.0,0.0,0.0
1762798568.3336108,1,1,374,110039,32724,9435248,0,0,0,0,0.0,0.0,0.0,0.0,0.0,0.0
1762798568.3336108,1,2,55297,55324,4740694,4743294,0,0,0,0,0.0,0.0,0.0,0.0,0.0,0.0
1762798568.3336108,1,3,55195,55396,4732162,4749030,0,0,0,0,0.0,0.0,0.0,0.0,0.0,0.0
1762798568.3336108,2,4294967294,0,0,0,0,0,0,0,0,0.0,0.0,0.0,0.0,0.0,0.0
1762798568.3336108,2,1,376,109971,32920,9429338,0,0,0,0,0.0,0.0,0.0,0.0,0.0,0.0
1762798568.3336108,2,2,55324,55297,4743294,4740694,1,0,0,0,0.0,0.0,0.0,0.0,0.0,0.0
1762798568.3336108,2,3,55228,55359,4734596,4746192,0,0,0,0,0.0,0.0,0.0,0.0,0.0,0.0
1762798569.3336399,3,4294967294,0,0,0,0,0,0,0,0,0.0,0.0,0.0,0.0,0.0,0.0
1762798569.3336399,3,1,57948,57735,4967622,4949746,1,0,0,0,0.0,0.0,0.0,0.0,0.0,0.0
1762798569.3336399,3,2,57912,57779,4964930,4953090,1,0,0,0,0.0,0.0,0.0,0.0,0.0,0.0
1762798569.3336399,1,4294967294,0,0,0,0,0,0,0,0,0.0,0.0,0.0,0.0,0.0,0.0
1762798569.3336399,1,1,384,115124,33608,9870810,0,0,0,0,0.0,0.0,0.0,0.0,0.0,0.0
1762798569.3336399,1,2,57844,57873,4958854,4961588,0,0,0,0,0.0,0.0,0.0,0.0,0.0,0.0
1762798569.3336399,1,3,57735,57948,4949746,4967622,0,0,0,0,0.0,0.0,0.0,0.0,0.0,0.0
1762798569.3336399,2,4294967294,0,0,0,0,0,0,0,0,0.0,0.0,0.0,0.0,0.0,0.0
1762798569.3336399,2,1,385,115054,33718,9864862,0,0,0,0,0.0,0.0,0.0,0.0,0.0,0.0
1762798569.3336399,2,2,57873,57844,4961588,4958854,1,0,0,0,0.0,0.0,0.0,0.0,0.0,0.0
1762798569.3336399,2,3,57779,57912,4953090,4964930,0,0,0,0,0.0,0.0,0.0,0.0,0.0,0.0
1762798570.3336446,3,4294967294,0,0,0,0,0,0,0,0,0.0,0.0,0.0,0.0,0.0,0.0
1762798570.3336446,3,1,57948,57735,4967622,4949746,1,0,0,0,0.0,0.0,0.0,0.0,0.0,0.0
1762798570.3336446,3,2,57912,57779,4964930,4953090,1,0,0,0,0.0,0.0,0.0,0.0,0.0,0.0
1762798570.3336446,1,4294967294,0,0,0,0,0,0,0,0,0.0,0.0,0.0,0.0,0.0,0.0
1762798570.3336446,1,1,384,115124,33608,9870810,0,0,0,0,0.0,0.0,0.0,0.0,0.0,0.0
1762798570.3336446,1,2,57844,57873,4958854,4961588,0,0,0,0,0.0,0.0,0.0,0.0,0.0,0.0
1762798570.3336446,1,3,57735,57948,4949746,4967622,0,0,0,0,0.0,0.0,0.0,0.0,0.0,0.0
1762798570.3336446,2,4294967294,0,0,0,0,0,0,0,0,0.0,0.0,0.0,0.0,0.0,0.0
1762798570.3336446,2,1,385,115054,33718,9864862,0,0,0,0,0.0,0.0,0.0,0.0,0.0,0.0
1762798570.3336446,2,2,57873,57844,4961588,4958854,1,0,0,0,0.0,0.0,0.0,0.0,0.0,0.0
1762798570.3336446,2,3,57779,57912,4953090,4964930,0,0,0,0,0.0,0.0,0.0,0.0,0.0,0.0
1762798571.3336575,3,4294967294,0,0,0,0,0,0,0,0,0.0,0.0,0.0,0.0,0.0,0.0
1762798571.3336575,3,1,60458,60243,5182674,5164532,1,0,0,0,0.0,0.0,0.0,0.0,0.0,0.0
1762798571.3336575,3,2,60424,60283,5180118,5167652,1,0,0,0,0.0,0.0,0.0,0.0,0.0,0.0
1762798571.3336575,1,4294967294,0,0,0,0,0,0,0,0,0.0,0.0,0.0,0.0,0.0,0.0
1762798571.3336575,1,1,392,120122,34320,10299090,0,0,0,0,0.0,0.0,0.0,0.0,0.0,0.0
1762798571.3336575,1,2,60349,60379,5173392,5176302,0,0,0,0,0.0,0.0,0.0,0.0,0.0,0.0
1762798571.3336575,1,3,60243,60458,5164532,5182674,0,0,0,0,0.0,0.0,0.0,0.0,0.0,0.0
1762798571.3336575,2,4294967294,0,0,0,0,0,0,0,0,0.0,0.0,0.0,0.0,0.0,0.0
1762798571.3336575,2,1,395,120054,34602,10293178,0,0,0,0,0.0,0.0,0.0,0.0,0.0,0.0
1762798571.3336575,2,2,60379,60349,5176302,5173392,1,0,0,0,0.0,0.0,0.0,0.0,0.0,0.0
1762798571.3336575,2,3,60283,60424,5167652,5180118,0,0,0,0,0.0,0.0,0.0,0.0,0.0,0.0
1762798572.3336558,3,4294967294,0,0,0,0,0,0,0,0,0.0,0.0,0.0,0.0,0.0,0.0
1762798572.3336558,3,1,60458,60243,5182674,5164532,1,0,0,0,0.0,0.0,0.0,0.0,0.0,0.0
1762798572.3336558,3,2,60424,60283,5180118,5167652,1,0,0,0,0.0,0.0,0.0,0.0,0.0,0.0
1762798572.3336558,1,4294967294,0,0,0,0,0,0,0,0,0.0,0.0,0.0,0.0,0.0,0.0
1762798572.3336558,1,1,392,120122,34320,10299090,0,0,0,0,0.0,0.0,0.0,0.0,0.0,0.0
1762798572.3336558,1,2,60349,60379,5173392,5176302,0,0,0,0,0.0,0.0,0.0,0.0,0.0,0.0
1762798572.3336558,1,3,60243,60458,5164532,5182674,0,0,0,0,0.0,0.0,0.0,0.0,0.0,0.0
1762798572.3336558,2,4294967294,0,0,0,0,0,0,0,0,0.0,0.0,0.0,0.0,0.0,0.0
1762798572.3336558,2,1,395,120054,34602,10293178,0,0,0,0,0.0,0.0,0.0,0.0,0.0,0.0
1762798572.3336558,2,2,60379,60349,5176302,5173392,1,0,0,0,0.0,0.0,0.0,0.0,0.0,0.0
1762798572.3336558,2,3,60283,60424,5167652,5180118,0,0,0,0,0.0,0.0,0.0,0.0,0.0,0.0
1762798573.3335805,3,4294967294,0,0,0,0,0,0,0,0,0.0,0.0,0.0,0.0,0.0,0.0
1762798573.3335805,3,1,63005,62778,5400826,5381746,1,0,0,0,0.0,0.0,0.0,0.0,0.0,0.0
1762798573.3335805,3,2,62968,62825,5398012,5385384,1,0,0,0,0.0,0.0,0.0,0.0,0.0,0.0
1762798573.3335805,1,4294967294,0,0,0,0,0,0,0,0,0.0,0.0,0.0,0.0,0.0,0.0
1762798573.3335805,1,1,401,125187,35106,10733016,0,0,0,0,0.0,0.0,0.0,0.0,0.0,0.0
1762798573.3335805,1,2,62886,62916,5390782,5393616,0,0,0,0,0.0,0.0,0.0,0.0,0.0,0.0
1762798573.3335805,1,3,62778,63005,5381746,5400826,0,0,0,0,0.0,0.0,0.0,0.0,0.0,0.0
1762798573.3335805,2,4294967294,0,0,0,0,0,0,0,0,0.0,0.0,0.0,0.0,0.0,0.0
1762798573.3335805,2,1,402,125119,35216,10727200,0,0,0,0,0.0,0.0,0.0,0.0,0.0,0.0
1762798573.3335805,2,2,62916,62886,5393616,5390782,1,0,0,0,0.0,0.0,0.0,0.0,0.0,0.0
1762798573.3335805,2,3,62825,62968,5385384,5398012,0,0,0,0,0.0,0.0,0.0,0.0,0.0,0.0
1762798574.3329577,3,4294967294,0,0,0,0,0,0,0,0,0.0,0.0,0.0,0.0,0.0,0.0
1762798574.3329577,3,1,63005,62778,5400826,5381746,1,0,0,0,0.0,0.0,0.0,0.0,0.0,0.0
1762798574.3329577,3,2,62968,62825,5398012,5385384,1,0,0,0,0.0,0.0,0.0,0.0,0.0,0.0
1762798574.3329577,1,4294967294,0,0,0,0,0,0,0,0,0.0,0.0,0.0,0.0,0.0,0.0
1762798574.3329577,1,1,401,125187,35106,10733016,0,0,0,0,0.0,0.0,0.0,0.0,0.0,0.0
1762798574.3329577,1,2,62886,62916,5390782,5393616,0,0,0,0,0.0,0.0,0.0,0.0,0.0,0.0
1762798574.3329577,1,3,62778,63005,5381746,5400826,0,0,0,0,0.0,0.0,0.0,0.0,0.0,0.0
1762798574.3329577,2,4294967294,0,0,0,0,0,0,0,0,0.0,0.0,0.0,0.0,0.0,0.0
1762798574.3329577,2,1,402,125119,35216,10727200,0,0,0,0,0.0,0.0,0.0,0.0,0.0,0.0
1762798574.3329577,2,2,62916,62886,5393616,5390782,1,0,0,0,0.0,0.0,0.0,0.0,0.0,0.0
1762798574.3329577,2,3,62825,62968,5385384,5398012,0,0,0,0,0.0,0.0,0.0,0.0,0.0,0.0
1762798575.3336399,3,4294967294,0,0,0,0,0,0,0,0,0.0,0.0,0.0,0.0,0.0,0.0
1762798575.3336399,3,1,65547,65323,5618642,5599760,1,0,0,0,0.0,0.0,0.0,0.0,0.0,0.0
1762798575.3336399,3,2,65506,65350,5615524,5601762,1,0,0,0,0.0,0.0,0.0,0.0,0.0,0.0
1762798575.3336399,1,4294967294,0,0,0,0,0,0,0,0,0.0,0.0,0.0,0.0,0.0,0.0
1762798575.3336399,1,1,410,130251,35904,11166956,0,0,0,0,0.0,0.0,0.0,0.0,0.0,0.0
1762798575.3336399,1,2,65425,65451,5608296,5610818,0,0,0,0,0.0,0.0,0.0,0.0,0.0,0.0
1762798575.3336399,1,3,65323,65547,5599760,5618642,0,0,0,0,0.0,0.0,0.0,0.0,0.0,0.0
1762798575.3336399,2,4294967294,0,0,0,0,0,0,0,0,0.0,0.0,0.0,0.0,0.0,0.0
1762798575.3336399,2,1,412,130182,36100,11161038,0,0,0,0,0.0,0.0,0.0,0.0,0.0,0.0
1762798575.3336399,2,2,65451,65425,5610818,5608296,1,0,0,0,0.0,0.0,0.0,0.0,0.0,0.0
1762798575.3336399,2,3,65350,65506,5601762,5615524,0,0,0,0,0.0,0.0,0.0,0.0,0.0,0.0
1762798576.3336387,3,4294967294,0,0,0,0,0,0,0,0,0.0,0.0,0.0,0.0,0.0,0.0
1762798576.3336387,3,1,65547,65323,5618642,5599760,1,0,0,0,0.0,0.0,0.0,0.0,0.0,0.0
1762798576.3336387,3,2,65506,65350,5615524,5601762,1,0,0,0,0.0,0.0,0.0,0.0,0.0,0.0
1762798576.3336387,1,4294967294,0,0,0,0,0,0,0,0,0.0,0.0,0.0,0.0,0.0,0.0
1762798576.3336387,1,1,410,130251,35904,11166956,0,0,0,0,0.0,0.0,0.0,0.0,0.0,0.0
1762798576.3336387,1,2,65425,65451,5608296,5610818,0,0,0,0,0.0,0.0,0.0,0.0,0.0,0.0
1762798576.3336387,1,3,65323,65547,5599760,5618642,0,0,0,0,0.0,0.0,0.0,0.0,0.0,0.0
1762798576.3336387,2,4294967294,0,0,0,0,0,0,0,0,0.0,0.0,0.0,0.0,0.0,0.0
1762798576.3336387,2,1,412,130182,36100,11161038,0,0,0,0,0.0,0.0,0.0,0.0,0.0,0.0
1762798576.3336387,2,2,65451,65425,5610818,5608296,1,0,0,0,0.0,0.0,0.0,0.0,0.0,0.0
1762798576.3336387,2,3,65350,65506,5601762,5615524,0,0,0,0,0.0,0.0,0.0,0.0,0.0,0.0
1762798577.3336365,3,4294967294,0,0,0,0,0,0,0,0,0.0,0.0,0.0,0.0,0.0,0.0
1762798577.3336365,3,1,68094,67866,5836872,5817722,1,0,0,0,0.0,0.0,0.0,0.0,0.0,0.0
1762798577.3336365,3,2,68063,67905,5834602,5820656,1,0,0,0,0.0,0.0,0.0,0.0,0.0,0.0
1762798577.3336365,1,4294967294,0,0,0,0,0,0,0,0,0.0,0.0,0.0,0.0,0.0,0.0
1762798577.3336365,1,1,419,135337,36702,11602754,0,0,0,0,0.0,0.0,0.0,0.0,0.0,0.0
1762798577.3336365,1,2,67973,68007,5826622,5829810,0,0,0,0,0.0,0.0,0.0,0.0,0.0,0.0
1762798577.3336365,1,3,67866,68094,5817722,5836872,0,0,0,0,0.0,0.0,0.0,0.0,0.0,0.0
1762798577.3336365,2,4294967294,0,0,0,0,0,0,0,0,0.0,0.0,0.0,0.0,0.0,0.0
1762798577.3336365,2,1,420,135267,36812,11596784,0,0,0,0,0.0,0.0,0.0,0.0,0.0,0.0
1762798577.3336365,2,2,68007,67973,5829810,5826622,1,0,0,0,0.0,0.0,0.0,0.0,0.0,0.0
1762798577.3336365,2,3,67905,68063,5820656,5834602,0,0,0,0,0.0,0.0,0.0,0.0,0.0,0.0
1762798578.3336434,3,4294967294,0,0,0,0,0,0,0,0,0.0,0.0,0.0,0.0,0.0,0.0
1762798578.3336434,3,1,68094,67866,5836872,5817722,1,0,0,0,0.0,0.0,0.0,0.0,0.0,0.0
1762798578.3336434,3,2,68063,67905,5834602,5820656,1,0,0,0,0.0,0.0,0.0,0.0,0.0,0.0
1762798578.3336434,1,4294967294,0,0,0,0,0,0,0,0,0.0,0.0,0.0,0.0,0.0,0.0
1762798578.3336434,1,1,419,135337,36702,11602754,0,0,0,0,0.0,0.0,0.0,0.0,0.0,0.0
1762798578.3336434,1,2,67973,68007,5826622,5829810,0,0,0,0,0.0,0.0,0.0,0.0,0.0,0.0
1762798578.3336434,1,3,67866,68094,5817722,5836872,0,0,0,0,0.0,0.0,0.0,0.0,0.0,0.0
1762798578.3336434,2,4294967294,0,0,0,0,0,0,0,0,0.0,0.0,0.0,0.0,0.0,0.0
1762798578.3336434,2,1,420,135267,36812,11596784,0,0,0,0,0.0,0.0,0.0,0.0,0.0,0.0
1762798578.3336434,2,2,68007,67973,5829810,5826622,1,0,0,0,0.0,0.0,0.0,0.0,0.0,0.0
1762798578.3336434,2,3,67905,68063,5820656,5834602,0,0,0,0,0.0,0.0,0.0,0.0,0.0,0.0
1762798579.3337338,3,4294967294,0,0,0,0,0,0,0,0,0.0,0.0,0.0,0.0,0.0,0.0
1762798579.3337338,3,1,70677,70446,6058230,6038742,1,0,0,0,0.0,0.0,0.0,0.0,0.0,0.0
1762798579.3337338,3,2,70641,70480,6055506,6041288,1,0,0,0,0.0,0.0,0.0,0.0,0.0,0.0
1762798579.3337338,1,4294967294,0,0,0,0,0,0,0,0,0.0,0.0,0.0,0.0,0.0,0.0
1762798579.3337338,1,1,427,140479,37414,12043446,0,0,0,0,0.0,0.0,0.0,0.0,0.0,0.0
1762798579.3337338,1,2,70555,70579,6047742,6050184,0,0,0,0,0.0,0.0,0.0,0.0,0.0,0.0
1762798579.3337338,1,3,70446,70677,6038742,6058230,0,0,0,0,0.0,0.0,0.0,0.0,0.0,0.0
1762798579.3337338,2,4294967294,0,0,0,0,0,0,0,0,0.0,0.0,0.0,0.0,0.0,0.0
1762798579.3337338,2,1,430,140413,37696,12037662,0,0,0,0,0.0,0.0,0.0,0.0,0.0,0.0
1762798579.3337338,2,2,70579,70555,6050184,6047742,1,0,0,0,0.0,0.0,0.0,0.0,0.0,0.0
1762798579.3337338,2,3,70480,70641,6041288,6055506,0,0,0,0,0.0,0.0,0.0,0.0,0.0,0.0
1762798580.3335652,3,4294967294,0,0,0,0,0,0,0,0,0.0,0.0,0.0,0.0,0.0,0.0
1762798580.3335652,3,1,70677,70446,6058230,6038742,1,0,0,0,0.0,0.0,0.0,0.0,0.0,0.0
1762798580.3335652,3,2,70641,70480,6055506,6041288,1,0,0,0,0.0,0.0,0.0,0.0,0.0,0.0
1762798580.3335652,1,4294967294,0,0,0,0,0,0,0,0,0.0,0.0,0.0,0.0,0.0,0.0
1762798580.3335652,1,1,427,140479,37414,12043446,0,0,0,0,0.0,0.0,0.0,0.0,0.0,0.0
1762798580.3335652,1,2,70555,70579,6047742,6050184,0,0,0,0,0.0,0.0,0.0,0.0,0.0,0.0
1762798580.3335652,1,3,70446,70677,6038742,6058230,0,0,0,0,0.0,0.0,0.0,0.0,0.0,0.0
1762798580.3335652,2,4294967294,0,0,0,0,0,0,0,0,0.0,0.0,0.0,0.0,0.0,0.0
1762798580.3335652,2,1,430,140413,37696,12037662,0,0,0,0,0.0,0.0,0.0,0.0,0.0,0.0
1762798580.3335652,2,2,70579,70555,6050184,6047742,1,0,0,0,0.0,0.0,0.0,0.0,0.0,0.0
1762798580.3335652,2,3,70480,70641,6041288,6055506,0,0,0,0,0.0,0.0,0.0,0.0,0.0,0.0
1762798581.333638,3,4294967294,0,0,0,0,0,0,0,0,0.0,0.0,0.0,0.0,0.0,0.0
1762798581.333638,3,1,73216,72981,6275634,6255946,1,0,0,0,0.0,0.0,0.0,0.0,0.0,0.0
1762798581.333638,3,2,73173,73007,6272478,6257746,1,0,0,0,0.0,0.0,0.0,0.0,0.0,0.0
1762798581.333638,1,4294967294,0,0,0,0,0,0,0,0,0.0,0.0,0.0,0.0,0.0,0.0
1762798581.333638,1,1,437,145533,38298,12476330,0,0,0,0,0.0,0.0,0.0,0.0,0.0,0.0
1762798581.333638,1,2,73092,73112,6265048,6267134,0,0,0,0,0.0,0.0,0.0,0.0,0.0,0.0
1762798581.333638,1,3,72981,73216,6255946,6275634,0,0,0,0,0.0,0.0,0.0,0.0,0.0,0.0
1762798581.333638,2,4294967294,0,0,0,0,0,0,0,0,0.0,0.0,0.0,0.0,0.0,0.0
1762798581.333638,2,1,438,145464,38408,12470428,0,0,0,0,0.0,0.0,0.0,0.0,0.0,0.0
1762798581.333638,2,2,73112,73092,6267134,6265048,1,0,0,0,0.0,0.0,0.0,0.0,0.0,0.0
1762798581.333638,2,3,73007,73173,6257746,6272478,0,0,0,0,0.0,0.0,0.0,0.0,0.0,0.0
1762798582.3336108,3,4294967294,0,0,0,0,0,0,0,0,0.0,0.0,0.0,0.0,0.0,0.0
1762798582.3336108,3,1,73216,72981,6275634,6255946,1,0,0,0,0.0,0.0,0.0,0.0,0.0,0.0
1762798582.3336108,3,2,73173,73007,6272478,6257746,1,0,0,0,0.0,0.0,0.0,0.0,0.0,0.0
1762798582.3336108,1,4294967294,0,0,0,0,0,0,0,0,0.0,0.0,0.0,0.0,0.0,0.0
1762798582.3336108,1,1,437,145533,38298,12476330,0,0,0,0,0.0,0.0,0.0,0.0,0.0,0.0
1762798582.3336108,1,2,73092,73112,6265048,6267134,0,0,0,0,0.0,0.0,0.0,0.0,0.0,0.0
1762798582.3336108,1,3,72981,73216,6255946,6275634,0,0,0,0,0.0,0.0,0.0,0.0,0.0,0.0
1762798582.3336108,2,4294967294,0,0,0,0,0,0,0,0,0.0,0.0,0.0,0.0,0.0,0.0
1762798582.3336108,2,1,438,145464,38408,12470428,0,0,0,0,0.0,0.0,0.0,0.0,0.0,0.0
1762798582.3336108,2,2,73112,73092,6267134,6265048,1,0,0,0,0.0,0.0,0.0,0.0,0.0,0.0
1762798582.3336108,2,3,73007,73173,6257746,6272478,0,0,0,0,0.0,0.0,0.0,0.0,0.0,0.0
1762798583.333697,3,4294967294,0,0,0,0,0,0,0,0,0.0,0.0,0.0,0.0,0.0,0.0
1762798583.333697,3,1,75756,75511,6493214,6472746,1,0,0,0,0.0,0.0,0.0,0.0,0.0,0.0
1762798583.333697,3,2,75710,75546,6489814,6475176,1,0,0,0,0.0,0.0,0.0,0.0,0.0,0.0
1762798583.333697,1,4294967294,0,0,0,0,0,0,0,0,0.0,0.0,0.0,0.0,0.0,0.0
1762798583.333697,1,1,445,150594,39010,12909972,0,0,0,0,0.0,0.0,0.0,0.0,0.0,0.0
1762798583.333697,1,2,75631,75650,6482602,6484622,0,0,0,0,0.0,0.0,0.0,0.0,0.0,0.0
1762798583.333697,1,3,75511,75756,6472746,6493214,0,0,0,0,0.0,0.0,0.0,0.0,0.0,0.0
1762798583.333697,2,4294967294,0,0,0,0,0,0,0,0,0.0,0.0,0.0,0.0,0.0,0.0
1762798583.333697,2,1,446,150526,39120,12904196,0,0,0,0,0.0,0.0,0.0,0.0,0.0,0.0
1762798583.333697,2,2,75650,75631,6484622,6482602,1,0,0,0,0.0,0.0,0.0,0.0,0.0,0.0
1762798583.333697,2,3,75546,75710,6475176,6489814,0,0,0,0,0.0,0.0,0.0,0.0,0.0,0.0
1762798584.3335807,3,4294967294,0,0,0,0,0,0,0,0,0.0,0.0,0.0,0.0,0.0,0.0
1762798584.3335807,3,1,75756,75511,6493214,6472746,1,0,0,0,0.0,0.0,0.0,0.0,0.0,0.0
1762798584.3335807,3,2,75710,75546,6489814,6475176,1,0,0,0,0.0,0.0,0.0,0.0,0.0,0.0
1762798584.3335807,1,4294967294,0,0,0,0,0,0,0,0,0.0,0.0,0.0,0.0,0.0,0.0
1762798584.3335807,1,1,445,150594,39010,12909972,0,0,0,0,0.0,0.0,0.0,0.0,0.0,0.0
1762798584.3335807,1,2,75631,75650,6482602,6484622,0,0,0,0,0.0,0.0,0.0,0.0,0.0,0.0
1762798584.3335807,1,3,75511,75756,6472746,6493214,0,0,0,0,0.0,0.0,0.0,0.0,0.0,0.0
1762798584.3335807,2,4294967294,0,0,0,0,0,0,0,0,0.0,0.0,0.0,0.0,0.0,0.0
1762798584.3335807,2,1,446,150526,39120,12904196,0,0,0,0,0.0,0.0,0.0,0.0,0.0,0.0
1762798584.3335807,2,2,75650,75631,6484622,6482602,1,0,0,0,0.0,0.0,0.0,0.0,0.0,0.0
1762798584.3335807,2,3,75546,75710,6475176,6489814,0,0,0,0,0.0,0.0,0.0,0.0,0.0,0.0
1762798585.3336394,3,4294967294,0,0,0,0,0,0,0,0,0.0,0.0,0.0,0.0,0.0,0.0
1762798585.3336394,3,1,78294,78032,6710666,6688744,1,0,0,0,0.0,0.0,0.0,0.0,0.0,0.0
1762798585.3336394,3,2,78244,78087,6706862,6692878,1,0,0,0,0.0,0.0,0.0,0.0,0.0,0.0
1762798585.3336394,1,4294967294,0,0,0,0,0,0,0,0,0.0,0.0,0.0,0.0,0.0,0.0
1762798585.3336394,1,1,453,155649,39722,13343186,0,0,0,0,0.0,0.0,0.0,0.0,0.0,0.0
1762798585.3336394,1,2,78169,78183,6699938,6701724,0,0,0,0,0.0,0.0,0.0,0.0,0.0,0.0
1762798585.3336394,1,3,78032,78294,6688744,6710666,0,0,0,0,0.0,0.0,0.0,0.0,0.0,0.0
1762798585.3336394,2,4294967294,0,0,0,0,0,0,0,0,0.0,0.0,0.0,0.0,0.0,0.0
1762798585.3336394,2,1,456,155580,39988,13337132,0,0,0,0,0.0,0.0,0.0,0.0,0.0,0.0
1762798585.3336394,2,2,78183,78169,6701724,6699938,1,0,0,0,0.0,0.0,0.0,0.0,0.0,0.0
1762798585.3336394,2,3,78087,78244,6692878,6706862,0,0,0,0,0.0,0.0,0.0,0.0,0.0,0.0
1762798586.3336499,3,4294967294,0,0,0,0,0,0,0,0,0.0,0.0,0.0,0.0,0.0,0.0
1762798586.3336499,3,1,78294,78032,6710666,6688744,1,0,0,0,0.0,0.0,0.0,0.0,0.0,0.0
1762798586.3336499,3,2,78244,78087,6706862,6692878,1,0,0,0,0.0,0.0,0.0,0.0,0.0,0.0
1762798586.3336499,1,4294967294,0,0,0,0,0,0,0,0,0.0,0.0,0.0,0.0,0.0,0.0
1762798586.3336499,1,1,453,155649,39722,13343186,0,0,0,0,0.0,0.0,0.0,0.0,0.0,0.0
1762798586.3336499,1,2,78169,78183,6699938,6701724,0,0,0,0,0.0,0.0,0.0,0.0,0.0,0.0
1762798586.3336499,1,3,78032,78294,6688744,6710666,0,0,0,0,0.0,0.0,0.0,0.0,0.0,0.0
1762798586.3336499,2,4294967294,0,0,0,0,0,0,0,0,0.0,0.0,0.0,0.0,0.0,0.0
1762798586.3336499,2,1,456,155580,39988,13337132,0,0,0,0,0.0,0.0,0.0,0.0,0.0,0.0
1762798586.3336499,2,2,78183,78169,6701724,6699938,1,0,0,0,0.0,0.0,0.0,0.0,0.0,0.0
1762798586.3336499,2,3,78087,78244,6692878,6706862,0,0,0,0,0.0,0.0,0.0,0.0,0.0,0.0
1762798587.3335943,3,4294967294,0,0,0,0,0,0,0,0,0.0,0.0,0.0,0.0,0.0,0.0
1762798587.3335943,3,1,80847,80574,6929344,6906432,1,0,0,0,0.0,0.0,0.0,0.0,0.0,0.0
1762798587.3335943,3,2,80785,80632,6924548,6910812,1,0,0,0,0.0,0.0,0.0,0.0,0.0,0.0
1762798587.3335943,1,4294967294,0,0,0,0,0,0,0,0,0.0,0.0,0.0,0.0,0.0,0.0
1762798587.3335943,1,1,461,160729,40434,13778380,0,0,0,0,0.0,0.0,0.0,0.0,0.0,0.0
1762798587.3335943,1,2,80722,80720,6918602,6919074,0,0,0,0,0.0,0.0,0.0,0.0,0.0,0.0
1762798587.3335943,1,3,80574,80847,6906432,6929344,0,0,0,0,0.0,0.0,0.0,0.0,0.0,0.0
1762798587.3335943,2,4294967294,0,0,0,0,0,0,0,0,0.0,0.0,0.0,0.0,0.0,0.0
1762798587.3335943,2,1,465,160660,40786,13772326,0,0,0,0,0.0,0.0,0.0,0.0,0.0,0.0
1762798587.3335943,2,2,80720,80722,6919074,6918602,1,0,0,0,0.0,0.0,0.0,0.0,0.0,0.0
1762798587.3335943,2,3,80632,80785,6910812,6924548,0,0,0,0,0.0,0.0,0.0,0.0,0.0,0.0
1762798588.3336427,3,4294967294,0,0,0,0,0,0,0,0,0.0,0.0,0.0,0.0,0.0,0.0
1762798588.3336427,3,1,80847,80574,6929344,6906432,1,0,0,0,0.0,0.0,0.0,0.0,0.0,0.0
1762798588.3336427,3,2,80785,80632,6924548,6910812,1,0,0,0,0.0,0.0,0.0,0.0,0.0,0.0
1762798588.3336427,1,4294967294,0,0,0,0,0,0,0,0,0.0,0.0,0.0,0.0,0.0,0.0
1762798588.3336427,1,1,461,160729,40434,13778380,0,0,0,0,0.0,0.0,0.0,0.0,0.0,0.0
1762798588.3336427,1,2,80722,80720,6918602,6919074,0,0,0,0,0.0,0.0,0.0,0.0,0.0,0.0
1762798588.3336427,1,3,80574,80847,6906432,6929344,0,0,0,0,0.0,0.0,0.0,0.0,0.0,0.0
1762798588.3336427,2,4294967294,0,0,0,0,0,0,0,0,0.0,0.0,0.0,0.0,0.0,0.0
1762798588.3336427,2,1,465,160660,40786,13772326,0,0,0,0,0.0,0.0,0.0,0.0,0.0,0.0
1762798588.3336427,2,2,80720,80722,6919074,6918602,1,0,0,0,0.0,0.0,0.0,0.0,0.0,0.0
1762798588.3336427,2,3,80632,80785,6910812,6924548,0,0,0,0,0.0,0.0,0.0,0.0,0.0,0.0
1762798589.3336422,3,4294967294,0,0,0,0,0,0,0,0,0.0,0.0,0.0,0.0,0.0,0.0
1762798589.3336422,3,1,83398,83127,7147830,7125116,1,0,0,0,0.0,0.0,0.0,0.0,0.0,0.0
1762798589.3336422,3,2,83345,83185,7143884,7129512,1,0,0,0,0.0,0.0,0.0,0.0,0.0,0.0
1762798589.3336422,1,4294967294,0,0,0,0,0,0,0,0,0.0,0.0,0.0,0.0,0.0,0.0
1762798589.3336422,1,1,469,165828,41146,14215234,0,0,0,0,0.0,0.0,0.0,0.0,0.0,0.0
1762798589.3336422,1,2,83278,83281,7137586,7138462,0,0,0,0,0.0,0.0,0.0,0.0,0.0,0.0
1762798589.3336422,1,3,83127,83398,7125116,7147830,0,0,0,0,0.0,0.0,0.0,0.0,0.0,0.0
1762798589.3336422,2,4294967294,0,0,0,0,0,0,0,0,0.0,0.0,0.0,0.0,0.0,0.0
1762798589.3336422,2,1,473,165758,41498,14209150,0,0,0,0,0.0,0.0,0.0,0.0,0.0,0.0
1762798589.3336422,2,2,83281,83278,7138462,7137586,1,0,0,0,0.0,0.0,0.0,0.0,0.0,0.0
1762798589.3336422,2,3,83185,83345,7129512,7143884,0,0,0,0,0.0,0.0,0.0,0.0,0.0,0.0
1762798590.3336003,3,4294967294,0,0,0,0,0,0,0,0,0.0,0.0,0.0,0.0,0.0,0.0
1762798590.3336003,3,1,83398,83127,7147830,7125116,1,0,0,0,0.0,0.0,0.0,0.0,0.0,0.0
1762798590.3336003,3,2,83345,83185,7143884,7129512,1,0,0,0,0.0,0.0,0.0,0.0,0.0,0.0
1762798590.3336003,1,4294967294,0,0,0,0,0,0,0,0,0.0,0.0,0.0,0.0,0.0,0.0
1762798590.3336003,1,1,469,165828,41146,14215234,0,0,0,0,0.0,0.0,0.0,0.0,0.0,0.0
1762798590.3336003,1,2,83278,83281,7137586,7138462,0,0,0,0,0.0,0.0,0.0,0.0,0.0,0.0
1762798590.3336003,1,3,83127,83398,7125116,7147830,0,0,0,0,0.0,0.0,0.0,0.0,0.0,0.0
1762798590.3336003,2,4294967294,0,0,0,0,0,0,0,0,0.0,0.0,0.0,0.0,0.0,0.0
1762798590.3336003,2,1,473,165758,41498,14209150,0,0,0,0,0.0,0.0,0.0,0.0,0.0,0.0
1762798590.3336003,2,2,83281,83278,7138462,7137586,1,0,0,0,0.0,0.0,0.0,0.0,0.0,0.0
1762798590.3336003,2,3,83185,83345,7129512,7143884,0,0,0,0,0.0,0.0,0.0,0.0,0.0,0.0
1762798591.3336382,3,4294967294,0,0,0,0,0,0,0,0,0.0,0.0,0.0,0.0,0.0,0.0
1762798591.3336382,3,1,85907,85626,7362722,7339174,1,0,0,0,0.0,0.0,0.0,0.0,0.0,0.0
1762798591.3336382,3,2,85846,85693,7358088,7344344,1,0,0,0,0.0,0.0,0.0,0.0,0.0,0.0
1762798591.3336382,1,4294967294,0,0,0,0,0,0,0,0,0.0,0.0,0.0,0.0,0.0,0.0
1762798591.3336382,1,1,477,170827,41858,14643456,0,0,0,0,0.0,0.0,0.0,0.0,0.0,0.0
1762798591.3336382,1,2,85790,85784,7352786,7352888,0,0,0,0,0.0,0.0,0.0,0.0,0.0,0.0
1762798591.3336382,1,3,85626,85907,7339174,7362722,0,0,0,0,0.0,0.0,0.0,0.0,0.0,0.0
1762798591.3336382,2,4294967294,0,0,0,0,0,0,0,0,0.0,0.0,0.0,0.0,0.0,0.0
1762798591.3336382,2,1,481,170757,42210,14637428,0,0,0,0,0.0,0.0,0.0,0.0,0.0,0.0
1762798591.3336382,2,2,85784,85790,7352888,7352786,1,0,0,0,0.0,0.0,0.0,0.0,0.0,0.0
1762798591.3336382,2,3,85693,85846,7344344,7358088,0,0,0,0,0.0,0.0,0.0,0.0,0.0,0.0
1762798592.3336458,3,4294967294,0,0,0,0,0,0,0,0,0.0,0.0,0.0,0.0,0.0,0.0
1762798592.3336458,3,1,85907,85626,7362722,7339174,1,0,0,0,0.0,0.0,0.0,0.0,0.0,0.0
1762798592.3336458,3,2,85846,85693,7358088,7344344,1,0,0,0,0.0,0.0,0.0,0.0,0.0,0.0
1762798592.3336458,1,4294967294,0,0,0,0,0,0,0,0,0.0,0.0,0.0,0.0,0.0,0.0
1762798592.3336458,1,1,477,170827,41858,14643456,0,0,0,0,0.0,0.0,0.0,0.0,0.0,0.0
1762798592.3336458,1,2,85790,85784,7352786,7352888,0,0,0,0,0.0,0.0,0.0,0.0,0.0,0.0
1762798592.3336458,1,3,85626,85907,7339174,7362722,0,0,0,0,0.0,0.0,0.0,0.0,0.0,0.0
1762798592.3336458,2,4294967294,0,0,0,0,0,0,0,0,0.0,0.0,0.0,0.0,0.0,0.0
1762798592.3336458,2,1,481,170757,42210,14637428,0,0,0,0,0.0,0.0,0.0,0.0,0.0,0.0
1762798592.3336458,2,2,85784,85790,7352888,7352786,1,0,0,0,0.0,0.0,0.0,0.0,0.0,0.0
1762798592.3336458,2,3,85693,85846,7344344,7358088,0,0,0,0,0.0,0.0,0.0,0.0,0.0,0.0
1762798593.3336425,3,4294967294,0,0,0,0,0,0,0,0,0.0,0.0,0.0,0.0,0.0,0.0
1762798593.3336425,3,1,88456,88168,7581024,7556930,1,0,0,0,0.0,0.0,0.0,0.0,0.0,0.0
1762798593.3336425,3,2,88394,88227,7576344,7561380,1,0,0,0,0.0,0.0,0.0,0.0,0.0,0.0
1762798593.3336425,1,4294967294,0,0,0,0,0,0,0,0,0.0,0.0,0.0,0.0,0.0,0.0
1762798593.3336425,1,1,486,175898,42640,15077918,0,0,0,0,0.0,0.0,0.0,0.0,0.0,0.0
1762798593.3336425,1,2,88331,88329,7570464,7570894,0,0,0,0,0.0,0.0,0.0,0.0,0.0,0.0
1762798593.3336425,1,3,88168,88456,7556930,7581024,0,0,0,0,0.0,0.0,0.0,0.0,0.0,0.0
1762798593.3336425,2,4294967294,0,0,0,0,0,0,0,0,0.0,0.0,0.0,0.0,0.0,0.0
1762798593.3336425,2,1,489,175829,42922,15071952,0,0,0,0,0.0,0.0,0.0,0.0,0.0,0.0
1762798593.3336425,2,2,88329,88331,7570894,7570464,1,0,0,0,0.0,0.0,0.0,0.0,0.0,0.0
1762798593.3336425,2,3,88227,88394,7561380,7576344,0,0,0,0,0.0,0.0,0.0,0.0,0.0,0.0
1762798594.3329568,3,4294967294,0,0,0,0,0,0,0,0,0.0,0.0,0.0,0.0,0.0,0.0
1762798594.3329568,3,1,88456,88168,7581024,7556930,1,0,0,0,0.0,0.0,0.0,0.0,0.0,0.0
1762798594.3329568,3,2,88394,88227,7576344,7561380,1,0,0,0,0.0,0.0,0.0,0.0,0.0,0.0
1762798594.3329568,1,4294967294,0,0,0,0,0,0,0,0,0.0,0.0,0.0,0.0,0.0,0.0
1762798594.3329568,1,1,486,175898,42640,15077918,0,0,0,0,0.0,0.0,0.0,0.0,0.0,0.0
1762798594.3329568,1,2,88331,88329,7570464,7570894,0,0,0,0,0.0,0.0,0.0,0.0,0.0,0.0
1762798594.3329568,1,3,88168,88456,7556930,7581024,0,0,0,0,0.0,0.0,0.0,0.0,0.0,0.0
1762798594.3329568,2,4294967294,0,0,0,0,0,0,0,0,0.0,0.0,0.0,0.0,0.0,0.0
1762798594.3329568,2,1,489,175829,42922,15071952,0,0,0,0,0.0,0.0,0.0,0.0,0.0,0.0
1762798594.3329568,2,2,88329,88331,7570894,7570464,1,0,0,0,0.0,0.0,0.0,0.0,0.0,0.0
1762798594.3329568,2,3,88227,88394,7561380,7576344,0,0,0,0,0.0,0.0,0.0,0.0,0.0,0.0
1762798595.3329515,3,4294967294,0,0,0,0,0,0,0,0,0.0,0.0,0.0,0.0,0.0,0.0
1762798595.3329515,3,1,90974,90676,7796696,7771706,1,0,0,0,0.0,0.0,0.0,0.0,0.0,0.0
1762798595.3329515,3,2,90907,90746,7791534,7777062,1,0,0,0,0.0,0.0,0.0,0.0,0.0,0.0
1762798595.3329515,1,4294967294,0,0,0,0,0,0,0,0,0.0,0.0,0.0,0.0,0.0,0.0
1762798595.3329515,1,1,494,180915,43352,15507598,0,0,0,0,0.0,0.0,0.0,0.0,0.0,0.0
1762798595.3329515,1,2,90843,90842,7785560,7786076,0,0,0,0,0.0,0.0,0.0,0.0,0.0,0.0
1762798595.3329515,1,3,90676,90974,7771706,7796696,0,0,0,0,0.0,0.0,0.0,0.0,0.0,0.0
1762798595.3329515,2,4294967294,0,0,0,0,0,0,0,0,0.0,0.0,0.0,0.0,0.0,0.0
1762798595.3329515,2,1,497,180847,43634,15501688,0,0,0,0,0.0,0.0,0.0,0.0,0.0,0.0
1762798595.3329515,2,2,90842,90843,7786076,7785560,1,0,0,0,0.0,0.0,0.0,0.0,0.0,0.0
1762798595.3329515,2,3,90746,90907,7777062,7791534,0,0,0,0,0.0,0.0,0.0,0.0,0.0,0.0
1762798596.3329227,3,4294967294,0,0,0,0,0,0,0,0,0.0,0.0,0.0,0.0,0.0,0.0
1762798596.3329227,3,1,90974,90676,7796696,7771706,1,0,0,0,0.0,0.0,0.0,0.0,0.0,0.0
1762798596.3329227,3,2,90907,90746,7791534,7777062,1,0,0,0,0.0,0.0,0.0,0.0,0.0,0.0
1762798596.3329227,1,4294967294,0,0,0,0,0,0,0,0,0.0,0.0,0.0,0.0,0.0,0.0
1762798596.3329227,1,1,494,180915,43352,15507598,0,0,0,0,0.0,0.0,0.0,0.0,0.0,0.0
1762798596.3329227,1,2,90843,90842,7785560,7786076,0,0,0,0,0.0,0.0,0.0,0.0,0.0,0.0
1762798596.3329227,1,3,90676,90974,7771706,7796696,0,0,0,0,0.0,0.0,0.0,0.0,0.0,0.0
1762798596.3329227,2,4294967294,0,0,0,0,0,0,0,0,0.0,0.0,0.0,0.0,0.0,0.0
1762798596.3329227,2,1,497,180847,43634,15501688,0,0,0,0,0.0,0.0,0.0,0.0,0.0,0.0
1762798596.3329227,2,2,90842,90843,7786076,7785560,1,0,0,0,0.0,0.0,0.0,0.0,0.0,0.0
1762798596.3329227,2,3,90746,90907,7777062,7791534,0,0,0,0,0.0,0.0,0.0,0.0,0.0,0.0
1762798597.33299,3,4294967294,0,0,0,0,0,0,0,0,0.0,0.0,0.0,0.0,0.0,0.0
1762798597.33299,3,1,93548,93246,8017132,7991838,1,0,0,0,0.0,0.0,0.0,0.0,0.0,0.0
1762798597.33299,3,2,93483,93315,8012142,7997084,1,0,0,0,0.0,0.0,0.0,0.0,0.0,0.0
1762798597.33299,1,4294967294,0,0,0,0,0,0,0,0,0.0,0.0,0.0,0.0,0.0,0.0
1762798597.33299,1,1,502,186045,44064,15946986,0,0,0,0,0.0,0.0,0.0,0.0,0.0,0.0
1762798597.33299,1,2,93415,93413,8005774,8006220,0,0,0,0,0.0,0.0,0.0,0.0,0.0,0.0
1762798597.33299,1,3,93246,93548,7991838,8017132,0,0,0,0,0.0,0.0,0.0,0.0,0.0,0.0
1762798597.33299,2,4294967294,0,0,0,0,0,0,0,0,0.0,0.0,0.0,0.0,0.0,0.0
1762798597.33299,2,1,505,185979,44346,15941186,0,0,0,0,0.0,0.0,0.0,0.0,0.0,0.0
1762798597.33299,2,2,93413,93415,8006220,8005774,1,0,0,0,0.0,0.0,0.0,0.0,0.0,0.0
1762798597.33299,2,3,93315,93483,7997084,8012142,0,0,0,0,0.0,0.0,0.0,0.0,0.0,0.0
1762798598.3328726,3,4294967294,0,0,0,0,0,0,0,0,0.0,0.0,0.0,0.0,0.0,0.0
1762798598.3328726,3,1,93548,93246,8017132,7991838,1,0,0,0,0.0,0.0,0.0,0.0,0.0,0.0
1762798598.3328726,3,2,93483,93315,8012142,7997084,1,0,0,0,0.0,0.0,0.0,0.0,0.0,0.0
1762798598.3328726,1,4294967294,0,0,0,0,0,0,0,0,0.0,0.0,0.0,0.0,0.0,0.0
1762798598.3328726,1,1,502,186045,44064,15946986,0,0,0,0,0.0,0.0,0.0,0.0,0.0,0.0
1762798598.3328726,1,2,93415,93413,8005774,8006220,0,0,0,0,0.0,0.0,0.0,0.0,0.0,0.0
1762798598.3328726,1,3,93246,93548,7991838,8017132,0,0,0,0,0.0,0.0,0.0,0.0,0.0,0.0
1762798598.3328726,2,4294967294,0,0,0,0,0,0,0,0,0.0,0.0,0.0,0.0,0.0,0.0
1762798598.3328726,2,1,505,185979,44346,15941186,0,0,0,0,0.0,0.0,0.0,0.0,0.0,0.0
1762798598.3328726,2,2,93413,93415,8006220,8005774,1,0,0,0,0.0,0.0,0.0,0.0,0.0,0.0
1762798598.3328726,2,3,93315,93483,7997084,8012142,0,0,0,0,0.0,0.0,0.0,0.0,0.0,0.0
1762798599.3329747,3,4294967294,0,0,0,0,0,0,0,0,0.0,0.0,0.0,0.0,0.0,0.0
1762798599.3329747,3,1,96120,95810,8237398,8211420,1,0,0,0,0.0,0.0,0.0,0.0,0.0,0.0
1762798599.3329747,3,2,96054,95889,8232324,8217498,1,0,0,0,0.0,0.0,0.0,0.0,0.0,0.0
1762798599.3329747,1,4294967294,0,0,0,0,0,0,0,0,0.0,0.0,0.0,0.0,0.0,0.0
1762798599.3329747,1,1,509,191170,44678,16385948,0,0,0,0,0.0,0.0,0.0,0.0,0.0,0.0
1762798599.3329747,1,2,95982,95979,8225580,8225960,0,0,0,0,0.0,0.0,0.0,0.0,0.0,0.0
1762798599.3329747,1,3,95810,96120,8211420,8237398,0,0,0,0,0.0,0.0,0.0,0.0,0.0,0.0
1762798599.3329747,2,4294967294,0,0,0,0,0,0,0,0,0.0,0.0,0.0,0.0,0.0,0.0
1762798599.3329747,2,1,512,191104,44960,16380112,0,0,0,0,0.0,0.0,0.0,0.0,0.0,0.0
1762798599.3329747,2,2,95979,95982,8225960,8225580,1,0,0,0,0.0,0.0,0.0,0.0,0.0,0.0
1762798599.3329747,2,3,95889,96054,8217498,8232324,0,0,0,0,0.0,0.0,0.0,0.0,0.0,0.0
1762798600.332957,3,4294967294,0,0,0,0,0,0,0,0,0.0,0.0,0.0,0.0,0.0,0.0
1762798600.332957,3,1,96120,95810,8237398,8211420,1,0,0,0,0.0,0.0,0.0,0.0,0.0,0.0
1762798600.332957,3,2,96054,95889,8232324,8217498,1,0,0,0,0.0,0.0,0.0,0.0,0.0,0.0
1762798600.332957,1,4294967294,0,0,0,0,0,0,0,0,0.0,0.0,0.0,0.0,0.0,0.0
1762798600.332957,1,1,509,191170,44678,16385948,0,0,0,0,0.0,0.0,0.0,0.0,0.0,0.0
1762798600.332957,1,2,95982,95979,8225580,8225960,0,0,0,0,0.0,0.0,0.0,0.0,0.0,0.0
1762798600.332957,1,3,95810,96120,8211420,8237398,0,0,0,0,0.0,0.0,0.0,0.0,0.0,0.0
1762798600.332957,2,4294967294,0,0,0,0,0,0,0,0,0.0,0.0,0.0,0.0,0.0,0.0
1762798600.332957,2,1,512,191104,44960,16380112,0,0,0,0,0.0,0.0,0.0,0.0,0.0,0.0
1762798600.332957,2,2,95979,95982,8225960,8225580,1,0,0,0,0.0,0.0,0.0,0.0,0.0,0.0
1762798600.332957,2,3,95889,96054,8217498,8232324,0,0,0,0,0.0,0.0,0.0,0.0,0.0,0.0
1762798601.3329113,3,4294967294,0,0,0,0,0,0,0,0,0.0,0.0,0.0,0.0,0.0,0.0
1762798601.3329113,3,1,98648,98340,8453858,8428116,1,0,0,0,0.0,0.0,0.0,0.0,0.0,0.0
1762798601.3329113,3,2,98586,98403,8449186,8432842,1,0,0,0,0.0,0.0,0.0,0.0,0.0,0.0
1762798601.3329113,1,4294967294,0,0,0,0,0,0,0,0,0.0,0.0,0.0,0.0,0.0,0.0
1762798601.3329113,1,1,517,196208,45390,16817444,0,0,0,0,0.0,0.0,0.0,0.0,0.0,0.0
1762798601.3329113,1,2,98512,98507,8442352,8442476,0,0,0,0,0.0,0.0,0.0,0.0,0.0,0.0
1762798601.3329113,1,3,98340,98648,8428116,8453858,0,0,0,0,0.0,0.0,0.0,0.0,0.0,0.0
1762798601.3329113,2,4294967294,0,0,0,0,0,0,0,0,0.0,0.0,0.0,0.0,0.0,0.0
1762798601.3329113,2,1,519,196152,45586,16812604,0,0,0,0,0.0,0.0,0.0,0.0,0.0,0.0
1762798601.3329113,2,2,98507,98512,8442476,8442352,1,0,0,0,0.0,0.0,0.0,0.0,0.0,0.0
1762798601.3329113,2,3,98403,98586,8432842,8449186,0,0,0,0,0.0,0.0,0.0,0.0,0.0,0.0
1762798602.333568,3,4294967294,0,0,0,0,0,0,0,0,0.0,0.0,0.0,0.0,0.0,0.0
1762798602.333568,3,1,98648,98340,8453858,8428116,1,0,0,0,0.0,0.0,0.0,0.0,0.0,0.0
1762798602.333568,3,2,98586,98403,8449186,8432842,1,0,0,0,0.0,0.0,0.0,0.0,0.0,0.0
1762798602.333568,1,4294967294,0,0,0,0,0,0,0,0,0.0,0.0,0.0,0.0,0.0,0.0
1762798602.333568,1,1,517,196208,45390,16817444,0,0,0,0,0.0,0.0,0.0,0.0,0.0,0.0
1762798602.333568,1,2,98512,98507,8442352,8442476,0,0,0,0,0.0,0.0,0.0,0.0,0.0,0.0
1762798602.333568,1,3,98340,98648,8428116,8453858,0,0,0,0,0.0,0.0,0.0,0.0,0.0,0.0
1762798602.333568,2,4294967294,0,0,0,0,0,0,0,0,0.0,0.0,0.0,0.0,0.0,0.0
1762798602.333568,2,1,519,196152,45586,16812604,0,0,0,0,0.0,0.0,0.0,0.0,0.0,0.0
1762798602.333568,2,2,98507,98512,8442476,8442352,1,0,0,0,0.0,0.0,0.0,0.0,0.0,0.0
1762798602.333568,2,3,98403,98586,8432842,8449186,0,0,0,0,0.0,0.0,0.0,0.0,0.0,0.0
1762798603.3335876,3,4294967294,0,0,0,0,0,0,0,0,0.0,0.0,0.0,0.0,0.0,0.0
1762798603.3335876,3,1,101199,100878,8672396,8645504,1,0,0,0,0.0,0.0,0.0,0.0,0.0,0.0
1762798603.3335876,3,2,101127,100957,8666896,8651574,1,0,0,0,0.0,0.0,0.0,0.0,0.0,0.0
1762798603.3335876,1,4294967294,0,0,0,0,0,0,0,0,0.0,0.0,0.0,0.0,0.0,0.0
1762798603.3335876,1,1,525,201291,46102,17252802,0,0,0,0,0.0,0.0,0.0,0.0,0.0,0.0
1762798603.3335876,1,2,101055,101049,8660166,8660152,0,0,0,0,0.0,0.0,0.0,0.0,0.0,0.0
1762798603.3335876,1,3,100878,101199,8645504,8672396,0,0,0,0,0.0,0.0,0.0,0.0,0.0,0.0
1762798603.3335876,2,4294967294,0,0,0,0,0,0,0,0,0.0,0.0,0.0,0.0,0.0,0.0
1762798603.3335876,2,1,526,201222,46212,17246988,0,0,0,0,0.0,0.0,0.0,0.0,0.0,0.0
1762798603.3335876,2,2,101049,101055,8660152,8660166,1,0,0,0,0.0,0.0,0.0,0.0,0.0,0.0
1762798603.3335876,2,3,100957,101127,8651574,8666896,0,0,0,0,0.0,0.0,0.0,0.0,0.0,0.0
1762798604.3328755,3,4294967294,0,0,0,0,0,0,0,0,0.0,0.0,0.0,0.0,0.0,0.0
1762798604.3328755,3,1,101199,100878,8672396,8645504,1,0,0,0,0.0,0.0,0.0,0.0,0.0,0.0
1762798604.3328755,3,2,101127,100957,8666896,8651574,1,0,0,0,0.0,0.0,0.0,0.0,0.0,0.0
1762798604.3328755,1,4294967294,0,0,0,0,0,0,0,0,0.0,0.0,0.0,0.0,0.0,0.0
1762798604.3328755,1,1,525,201291,46102,17252802,0,0,0,0,0.0,0.0,0.0,0.0,0.0,0.0
1762798604.3328755,1,2,101055,101049,8660166,8660152,0,0,0,0,0.0,0.0,0.0,0.0,0.0,0.0
1762798604.3328755,1,3,100878,101199,8645504,8672396,0,0,0,0,0.0,0.0,0.0,0.0,0.0,0.0
1762798604.3328755,2,4294967294,0,0,0,0,0,0,0,0,0.0,0.0,0.0,0.0,0.0,0.0
1762798604.3328755,2,1,526,201222,46212,17246988,0,0,0,0,0.0,0.0,0.0,0.0,0.0,0.0
1762798604.3328755,2,2,101049,101055,8660152,8660166,1,0,0,0,0.0,0.0,0.0,0.0,0.0,0.0
1762798604.3328755,2,3,100957,101127,8651574,8666896,0,0,0,0,0.0,0.0,0.0,0.0,0.0,0.0
1762798605.3336427,3,4294967294,0,0,0,0,0,0,0,0,0.0,0.0,0.0,0.0,0.0,0.0
1762798605.3336427,3,1,103751,103430,8890972,8864080,1,0,0,0,0.0,0.0,0.0,0.0,0.0,0.0
1762798605.3336427,3,2,103681,103506,8885660,8870000,1,0,0,0,0.0,0.0,0.0,0.0,0.0,0.0
1762798605.3336427,1,4294967294,0,0,0,0,0,0,0,0,0.0,0.0,0.0,0.0,0.0,0.0
1762798605.3336427,1,1,533,206385,46814,17689172,0,0,0,0,0.0,0.0,0.0,0.0,0.0,0.0
1762798605.3336427,1,2,103608,103601,8878754,8878732,0,0,0,0,0.0,0.0,0.0,0.0,0.0,0.0
1762798605.3336427,1,3,103430,103751,8864080,8890972,0,0,0,0,0.0,0.0,0.0,0.0,0.0,0.0
1762798605.3336427,2,4294967294,0,0,0,0,0,0,0,0,0.0,0.0,0.0,0.0,0.0,0.0
1762798605.3336427,2,1,534,206312,46924,17682940,0,0,0,0,0.0,0.0,0.0,0.0,0.0,0.0
1762798605.3336427,2,2,103601,103608,8878732,8878754,1,0,0,0,0.0,0.0,0.0,0.0,0.0,0.0
1762798605.3336427,2,3,103506,103681,8870000,8885660,0,0,0,0,0.0,0.0,0.0,0.0,0.0,0.0
1762798606.3334076,3,4294967294,0,0,0,0,0,0,0,0,0.0,0.0,0.0,0.0,0.0,0.0
1762798606.3334076,3,1,103751,103430,8890972,8864080,1,0,0,0,0.0,0.0,0.0,0.0,0.0,0.0
1762798606.3334076,3,2,103681,103506,8885660,8870000,1,0,0,0,0.0,0.0,0.0,0.0,0.0,0.0
1762798606.3334076,1,4294967294,0,0,0,0,0,0,0,0,0.0,0.0,0.0,0.0,0.0,0.0
1762798606.3334076,1,1,533,206385,46814,17689172,0,0,0,0,0.0,0.0,0.0,0.0,0.0,0.0
1762798606.3334076,1,2,103608,103601,8878754,8878732,0,0,0,0,0.0,0.0,0.0,0.0,0.0,0.0
1762798606.3334076,1,3,103430,103751,8864080,8890972,0,0,0,0,0.0,0.0,0.0,0.0,0.0,0.0
1762798606.3334076,2,4294967294,0,0,0,0,0,0,0,0,0.0,0.0,0.0,0.0,0.0,0.0
1762798606.3334076,2,1,534,206312,46924,17682940,0,0,0,0,0.0,0.0,0.0,0.0,0.0,0.0
1762798606.3334076,2,2,103601,103608,8878732,8878754,1,0,0,0,0.0,0.0,0.0,0.0,0.0,0.0
1762798606.3334076,2,3,103506,103681,8870000,8885660,0,0,0,0,0.0,0.0,0.0,0.0,0.0,0.0
1762798607.3336465,3,4294967294,0,0,0,0,0,0,0,0,0.0,0.0,0.0,0.0,0.0,0.0
1762798607.3336465,3,1,106300,105973,9109386,9081914,1,0,0,0,0.0,0.0,0.0,0.0,0.0,0.0
1762798607.3336465,3,2,106224,106045,9103478,9087456,1,0,0,0,0.0,0.0,0.0,0.0,0.0,0.0
1762798607.3336465,1,4294967294,0,0,0,0,0,0,0,0,0.0,0.0,0.0,0.0,0.0,0.0
1762798607.3336465,1,1,539,211454,47354,18123538,0,0,0,0,0.0,0.0,0.0,0.0,0.0,0.0
1762798607.3336465,1,2,106147,106136,9096252,9095892,0,0,0,0,0.0,0.0,0.0,0.0,0.0,0.0
1762798607.3336465,1,3,105973,106300,9081914,9109386,0,0,0,0,0.0,0.0,0.0,0.0,0.0,0.0
1762798607.3336465,2,4294967294,0,0,0,0,0,0,0,0,0.0,0.0,0.0,0.0,0.0,0.0
1762798607.3336465,2,1,542,211388,47636,18117782,0,0,0,0,0.0,0.0,0.0,0.0,0.0,0.0
1762798607.3336465,2,2,106136,106147,9095892,9096252,1,0,0,0,0.0,0.0,0.0,0.0,0.0,0.0
1762798607.3336465,2,3,106045,106224,9087456,9103478,0,0,0,0,0.0,0.0,0.0,0.0,0.0,0.0
1762798608.3329668,3,4294967294,0,0,0,0,0,0,0,0,0.0,0.0,0.0,0.0,0.0,0.0
1762798608.3329668,3,1,106300,105973,9109386,9081914,1,0,0,0,0.0,0.0,0.0,0.0,0.0,0.0
1762798608.3329668,3,2,106224,106045,9103478,9087456,1,0,0,0,0.0,0.0,0.0,0.0,0.0,0.0
1762798608.3329668,1,4294967294,0,0,0,0,0,0,0,0,0.0,0.0,0.0,0.0,0.0,0.0
1762798608.3329668,1,1,539,211454,47354,18123538,0,0,0,0,0.0,0.0,0.0,0.0,0.0,0.0
1762798608.3329668,1,2,106147,106136,9096252,9095892,0,0,0,0,0.0,0.0,0.0,0.0,0.0,0.0
1762798608.3329668,1,3,105973,106300,9081914,9109386,0,0,0,0,0.0,0.0,0.0,0.0,0.0,0.0
1762798608.3329668,2,4294967294,0,0,0,0,0,0,0,0,0.0,0.0,0.0,0.0,0.0,0.0
1762798608.3329668,2,1,542,211388,47636,18117782,0,0,0,0,0.0,0.0,0.0,0.0,0.0,0.0
1762798608.3329668,2,2,106136,106147,9095892,9096252,1,0,0,0,0.0,0.0,0.0,0.0,0.0,0.0
1762798608.3329668,2,3,106045,106224,9087456,9103478,0,0,0,0,0.0,0.0,0.0,0.0,0.0,0.0
1762798609.3335273,3,4294967294,0,0,0,0,0,0,0,0,0.0,0.0,0.0,0.0,0.0,0.0
1762798609.3335273,3,1,108865,108530,9329078,9300990,1,0,0,0,0.0,0.0,0.0,0.0,0.0,0.0
1762798609.3335273,3,2,108788,108608,9323080,9307022,1,0,0,0,0.0,0.0,0.0,0.0,0.0,0.0
1762798609.3335273,1,4294967294,0,0,0,0,0,0,0,0,0.0,0.0,0.0,0.0,0.0,0.0
1762798609.3335273,1,1,547,216565,48066,18561400,0,0,0,0,0.0,0.0,0.0,0.0,0.0,0.0
1762798609.3335273,1,2,108710,108697,9315770,9315278,0,0,0,0,0.0,0.0,0.0,0.0,0.0,0.0
1762798609.3335273,1,3,108530,108865,9300990,9329078,0,0,0,0,0.0,0.0,0.0,0.0,0.0,0.0
1762798609.3335273,2,4294967294,0,0,0,0,0,0,0,0,0.0,0.0,0.0,0.0,0.0,0.0
1762798609.3335273,2,1,549,216498,48262,18555510,0,0,0,0,0.0,0.0,0.0,0.0,0.0,0.0
1762798609.3335273,2,2,108697,108710,9315278,9315770,1,0,0,0,0.0,0.0,0.0,0.0,0.0,0.0
1762798609.3335273,2,3,108608,108788,9307022,9323080,0,0,0,0,0.0,0.0,0.0,0.0,0.0,0.0
1762798610.3334806,3,4294967294,0,0,0,0,0,0,0,0,0.0,0.0,0.0,0.0,0.0,0.0
1762798610.3334806,3,1,108865,108530,9329078,9300990,1,0,0,0,0.0,0.0,0.0,0.0,0.0,0.0
1762798610.3334806,3,2,108788,108608,9323080,9307022,1,0,0,0,0.0,0.0,0.0,0.0,0.0,0.0
1762798610.3334806,1,4294967294,0,0,0,0,0,0,0,0,0.0,0.0,0.0,0.0,0.0,0.0
1762798610.3334806,1,1,547,216565,48066,18561400,0,0,0,0,0.0,0.0,0.0,0.0,0.0,0.0
1762798610.3334806,1,2,108710,108697,9315770,9315278,0,0,0,0,0.0,0.0,0.0,0.0,0.0,0.0
1762798610.3334806,1,3,108530,108865,9300990,9329078,0,0,0,0,0.0,0.0,0.0,0.0,0.0,0.0
1762798610.3334806,2,4294967294,0,0,0,0,0,0,0,0,0.0,0.0,0.0,0.0,0.0,0.0
1762798610.3334806,2,1,549,216498,48262,18555510,0,0,0,0,0.0,0.0,0.0,0.0,0.0,0.0
1762798610.3334806,2,2,108697,108710,9315278,9315770,1,0,0,0,0.0,0.0,0.0,0.0,0.0,0.0
1762798610.3334806,2,3,108608,108788,9307022,9323080,0,0,0,0,0.0,0.0,0.0,0.0,0.0,0.0
1762798611.3331943,3,4294967294,0,0,0,0,0,0,0,0,0.0,0.0,0.0,0.0,0.0,0.0
1762798611.3331943,3,1,111380,111041,9544528,9516104,1,0,0,0,0.0,0.0,0.0,0.0,0.0,0.0
1762798611.3331943,3,2,111295,111115,9537910,9521772,1,0,0,0,0.0,0.0,0.0,0.0,0.0,0.0
1762798611.3331943,1,4294967294,0,0,0,0,0,0,0,0,0.0,0.0,0.0,0.0,0.0,0.0
1762798611.3331943,1,1,555,221575,48778,18990584,0,0,0,0,0.0,0.0,0.0,0.0,0.0,0.0
1762798611.3331943,1,2,111223,111202,9531068,9529820,0,0,0,0,0.0,0.0,0.0,0.0,0.0,0.0
1762798611.3331943,1,3,111041,111380,9516104,9544528,0,0,0,0,0.0,0.0,0.0,0.0,0.0,0.0
1762798611.3331943,2,4294967294,0,0,0,0,0,0,0,0,0.0,0.0,0.0,0.0,0.0,0.0
1762798611.3331943,2,1,556,221506,48888,18984666,0,0,0,0,0.0,0.0,0.0,0.0,0.0,0.0
1762798611.3331943,2,2,111202,111223,9529820,9531068,1,0,0,0,0.0,0.0,0.0,0.0,0.0,0.0
1762798611.3331943,2,3,111115,111295,9521772,9537910,0,0,0,0,0.0,0.0,0.0,0.0,0.0,0.0
1762798612.333639,3,4294967294,0,0,0,0,0,0,0,0,0.0,0.0,0.0,0.0,0.0,0.0
1762798612.333639,3,1,111380,111041,9544528,9516104,1,0,0,0,0.0,0.0,0.0,0.0,0.0,0.0
1762798612.333639,3,2,111295,111115,9537910,9521772,1,0,0,0,0.0,0.0,0.0,0.0,0.0,0.0
1762798612.333639,1,4294967294,0,0,0,0,0,0,0,0,0.0,0.0,0.0,0.0,0.0,0.0
1762798612.333639,1,1,555,221575,48778,18990584,0,0,0,0,0.0,0.0,0.0,0.0,0.0,0.0
1762798612.333639,1,2,111223,111202,9531068,9529820,0,0,0,0,0.0,0.0,0.0,0.0,0.0,0.0
1762798612.333639,1,3,111041,111380,9516104,9544528,0,0,0,0,0.0,0.0,0.0,0.0,0.0,0.0
1762798612.333639,2,4294967294,0,0,0,0,0,0,0,0,0.0,0.0,0.0,0.0,0.0,0.0
1762798612.333639,2,1,556,221506,48888,18984666,0,0,0,0,0.0,0.0,0.0,0.0,0.0,0.0
1762798612.333639,2,2,111202,111223,9529820,9531068,1,0,0,0,0.0,0.0,0.0,0.0,0.0,0.0
1762798612.333639,2,3,111115,111295,9521772,9537910,0,0,0,0,0.0,0.0,0.0,0.0,0.0,0.0
1762798613.333541,3,4294967294,0,0,0,0,0,0,0,0,0.0,0.0,0.0,0.0,0.0,0.0
1762798613.333541,3,1,113932,113592,9763172,9734610,1,0,0,0,0.0,0.0,0.0,0.0,0.0,0.0
1762798613.333541,3,2,113853,113670,9757050,9740710,1,0,0,0,0.0,0.0,0.0,0.0,0.0,0.0
1762798613.333541,1,4294967294,0,0,0,0,0,0,0,0,0.0,0.0,0.0,0.0,0.0,0.0
1762798613.333541,1,1,561,226671,49318,19427194,0,0,0,0,0.0,0.0,0.0,0.0,0.0,0.0
1762798613.333541,1,2,113775,113758,9749700,9748840,0,0,0,0,0.0,0.0,0.0,0.0,0.0,0.0
1762798613.333541,1,3,113592,113932,9734610,9763172,0,0,0,0,0.0,0.0,0.0,0.0,0.0,0.0
1762798613.333541,2,4294967294,0,0,0,0,0,0,0,0,0.0,0.0,0.0,0.0,0.0,0.0
1762798613.333541,2,1,564,226602,49600,19421286,0,0,0,0,0.0,0.0,0.0,0.0,0.0,0.0
1762798613.333541,2,2,113758,113775,9748840,9749700,1,0,0,0,0.0,0.0,0.0,0.0,0.0,0.0
1762798613.333541,2,3,113670,113853,9740710,9757050,0,0,0,0,0.0,0.0,0.0,0.0,0.0,0.0
1762798614.3336315,3,4294967294,0,0,0,0,0,0,0,0,0.0,0.0,0.0,0.0,0.0,0.0
1762798614.3336315,3,1,113932,113592,9763172,9734610,1,0,0,0,0.0,0.0,0.0,0.0,0.0,0.0
1762798614.3336315,3,2,113853,113670,9757050,9740710,1,0,0,0,0.0,0.0,0.0,0.0,0.0,0.0
1762798614.3336315,1,4294967294,0,0,0,0,0,0,0,0,0.0,0.0,0.0,0.0,0.0,0.0
1762798614.3336315,1,1,561,226671,49318,19427194,0,0,0,0,0.0,0.0,0.0,0.0,0.0,0.0
1762798614.3336315,1,2,113775,113758,9749700,9748840,0,0,0,0,0.0,0.0,0.0,0.0,0.0,0.0
1762798614.3336315,1,3,113592,113932,9734610,9763172,0,0,0,0,0.0,0.0,0.0,0.0,0.0,0.0
1762798614.3336315,2,4294967294,0,0,0,0,0,0,0,0,0.0,0.0,0.0,0.0,0.0,0.0
1762798614.3336315,2,1,564,226602,49600,19421286,0,0,0,0,0.0,0.0,0.0,0.0,0.0,0.0
1762798614.3336315,2,2,113758,113775,9748840,9749700,1,0,0,0,0.0,0.0,0.0,0.0,0.0,0.0
1762798614.3336315,2,3,113670,113853,9740710,9757050,0,0,0,0,0.0,0.0,0.0,0.0,0.0,0.0
1762798615.3336358,3,4294967294,0,0,0,0,0,0,0,0,0.0,0.0,0.0,0.0,0.0,0.0
1762798615.3336358,3,1,116440,116082,9978052,9947998,1,0,0,0,0.0,0.0,0.0,0.0,0.0,0.0
1762798615.3336358,3,2,116353,116175,9971202,9955300,1,0,0,0,0.0,0.0,0.0,0.0,0.0,0.0
1762798615.3336358,1,4294967294,0,0,0,0,0,0,0,0,0.0,0.0,0.0,0.0,0.0,0.0
1762798615.3336358,1,1,569,231657,50030,19854414,0,0,0,0,0.0,0.0,0.0,0.0,0.0,0.0
1762798615.3336358,1,2,116270,116252,9963464,9962468,0,0,0,0,0.0,0.0,0.0,0.0,0.0,0.0
1762798615.3336358,1,3,116082,116440,9947998,9978052,0,0,0,0,0.0,0.0,0.0,0.0,0.0,0.0
1762798615.3336358,2,4294967294,0,0,0,0,0,0,0,0,0.0,0.0,0.0,0.0,0.0,0.0
1762798615.3336358,2,1,571,231590,50226,19848704,0,0,0,0,0.0,0.0,0.0,0.0,0.0,0.0
1762798615.3336358,2,2,116252,116270,9962468,9963464,1,0,0,0,0.0,0.0,0.0,0.0,0.0,0.0
1762798615.3336358,2,3,116175,116353,9955300,9971202,0,0,0,0,0.0,0.0,0.0,0.0,0.0,0.0
1762798616.3336592,3,4294967294,0,0,0,0,0,0,0,0,0.0,0.0,0.0,0.0,0.0,0.0
1762798616.3336592,3,1,116440,116082,9978052,9947998,1,0,0,0,0.0,0.0,0.0,0.0,0.0,0.0
1762798616.3336592,3,2,116353,116175,9971202,9955300,1,0,0,0,0.0,0.0,0.0,0.0,0.0,0.0
1762798616.3336592,1,4294967294,0,0,0,0,0,0,0,0,0.0,0.0,0.0,0.0,0.0,0.0
1762798616.3336592,1,1,569,231657,50030,19854414,0,0,0,0,0.0,0.0,0.0,0.0,0.0,0.0
1762798616.3336592,1,2,116270,116252,9963464,9962468,0,0,0,0,0.0,0.0,0.0,0.0,0.0,0.0
1762798616.3336592,1,3,116082,116440,9947998,9978052,0,0,0,0,0.0,0.0,0.0,0.0,0.0,0.0
1762798616.3336592,2,4294967294,0,0,0,0,0,0,0,0,0.0,0.0,0.0,0.0,0.0,0.0
1762798616.3336592,2,1,571,231590,50226,19848704,0,0,0,0,0.0,0.0,0.0,0.0,0.0,0.0
1762798616.3336592,2,2,116252,116270,9962468,9963464,1,0,0,0,0.0,0.0,0.0,0.0,0.0,0.0
1762798616.3336592,2,3,116175,116353,9955300,9971202,0,0,0,0,0.0,0.0,0.0,0.0,0.0,0.0
1762798617.3329558,3,4294967294,0,0,0,0,0,0,0,0,0.0,0.0,0.0,0.0,0.0,0.0
1762798617.3329558,3,1,118866,118511,10185876,10156038,1,0,0,0,0.0,0.0,0.0,0.0,0.0,0.0
1762798617.3329558,3,2,118777,118596,10178934,10162740,1,0,0,0,0.0,0.0,0.0,0.0,0.0,0.0
1762798617.3329558,1,4294967294,0,0,0,0,0,0,0,0,0.0,0.0,0.0,0.0,0.0,0.0
1762798617.3329558,1,1,575,236500,50558,20269412,0,0,0,0,0.0,0.0,0.0,0.0,0.0,0.0
1762798617.3329558,1,2,118705,118679,10172062,10170428,0,0,0,0,0.0,0.0,0.0,0.0,0.0,0.0
1762798617.3329558,1,3,118511,118866,10156038,10185876,0,0,0,0,0.0,0.0,0.0,0.0,0.0,0.0
1762798617.3329558,2,4294967294,0,0,0,0,0,0,0,0,0.0,0.0,0.0,0.0,0.0,0.0
1762798617.3329558,2,1,577,236432,50754,20263572,0,0,0,0,0.0,0.0,0.0,0.0,0.0,0.0
1762798617.3329558,2,2,118679,118705,10170428,10172062,1,0,0,0,0.0,0.0,0.0,0.0,0.0,0.0
1762798617.3329558,2,3,118596,118777,10162740,10178934,0,0,0,0,0.0,0.0,0.0,0.0,0.0,0.0
1762798618.3328753,3,4294967294,0,0,0,0,0,0,0,0,0.0,0.0,0.0,0.0,0.0,0.0
1762798618.3328753,3,1,118866,118511,10185876,10156038,1,0,0,0,0.0,0.0,0.0,0.0,0.0,0.0
1762798618.3328753,3,2,118777,118596,10178934,10162740,1,0,0,0,0.0,0.0,0.0,0.0,0.0,0.0
1762798618.3328753,1,4294967294,0,0,0,0,0,0,0,0,0.0,0.0,0.0,0.0,0.0,0.0
1762798618.3328753,1,1,575,236500,50558,20269412,0,0,0,0,0.0,0.0,0.0,0.0,0.0,0.0
1762798618.3328753,1,2,118705,118679,10172062,10170428,0,0,0,0,0.0,0.0,0.0,0.0,0.0,0.0
1762798618.3328753,1,3,118511,118866,10156038,10185876,0,0,0,0,0.0,0.0,0.0,0.0,0.0,0.0
1762798618.3328753,2,4294967294,0,0,0,0,0,0,0,0,0.0,0.0,0.0,0.0,0.0,0.0
1762798618.3328753,2,1,577,236432,50754,20263572,0,0,0,0,0.0,0.0,0.0,0.0,0.0,0.0
1762798618.3328753,2,2,118679,118705,10170428,10172062,1,0,0,0,0.0,0.0,0.0,0.0,0.0,0.0
1762798618.3328753,2,3,118596,118777,10162740,10178934,0,0,0,0,0.0,0.0,0.0,0.0,0.0,0.0
1762798619.3328757,3,4294967294,0,0,0,0,0,0,0,0,0.0,0.0,0.0,0.0,0.0,0.0
1762798619.3328757,3,1,121418,121055,10404526,10374054,1,0,0,0,0.0,0.0,0.0,0.0,0.0,0.0
1762798619.3328757,3,2,121328,121145,10397430,10381102,1,0,0,0,0.0,0.0,0.0,0.0,0.0,0.0
1762798619.3328757,1,4294967294,0,0,0,0,0,0,0,0,0.0,0.0,0.0,0.0,0.0,0.0
1762798619.3328757,1,1,582,241585,51184,20705150,0,0,0,0,0.0,0.0,0.0,0.0,0.0,0.0
1762798619.3328757,1,2,121251,121226,10390222,10388626,0,0,0,0,0.0,0.0,0.0,0.0,0.0,0.0
1762798619.3328757,1,3,121055,121418,10374054,10404526,0,0,0,0,0.0,0.0,0.0,0.0,0.0,0.0
1762798619.3328757,2,4294967294,0,0,0,0,0,0,0,0,0.0,0.0,0.0,0.0,0.0,0.0
1762798619.3328757,2,1,584,241517,51380,20699278,0,0,0,0,0.0,0.0,0.0,0.0,0.0,0.0
1762798619.3328757,2,2,121226,121251,10388626,10390222,1,0,0,0,0.0,0.0,0.0,0.0,0.0,0.0
1762798619.3328757,2,3,121145,121328,10381102,10397430,0,0,0,0,0.0,0.0,0.0,0.0,0.0,0.0
1762798620.3328722,3,4294967294,0,0,0,0,0,0,0,0,0.0,0.0,0.0,0.0,0.0,0.0
1762798620.3328722,3,1,121418,121055,10404526,10374054,1,0,0,0,0.0,0.0,0.0,0.0,0.0,0.0
1762798620.3328722,3,2,121328,121145,10397430,10381102,1,0,0,0,0.0,0.0,0.0,0.0,0.0,0.0
1762798620.3328722,1,4294967294,0,0,0,0,0,0,0,0,0.0,0.0,0.0,0.0,0.0,0.0
1762798620.3328722,1,1,582,241585,51184,20705150,0,0,0,0,0.0,0.0,0.0,0.0,0.0,0.0
1762798620.3328722,1,2,121251,121226,10390222,10388626,0,0,0,0,0.0,0.0,0.0,0.0,0.0,0.0
1762798620.3328722,1,3,121055,121418,10374054,10404526,0,0,0,0,0.0,0.0,0.0,0.0,0.0,0.0
1762798620.3328722,2,4294967294,0,0,0,0,0,0,0,0,0.0,0.0,0.0,0.0,0.0,0.0
1762798620.3328722,2,1,584,241517,51380,20699278,0,0,0,0,0.0,0.0,0.0,0.0,0.0,0.0
1762798620.3328722,2,2,121226,121251,10388626,10390222,1,0,0,0,0.0,0.0,0.0,0.0,0.0,0.0
1762798620.3328722,2,3,121145,121328,10381102,10397430,0,0,0,0,0.0,0.0,0.0,0.0,0.0,0.0
1762798621.3332617,3,4294967294,0,0,0,0,0,0,0,0,0.0,0.0,0.0,0.0,0.0,0.0
1762798621.3332617,3,1,123907,123525,10617764,10585642,1,0,0,0,0.0,0.0,0.0,0.0,0.0,0.0
1762798621.3332617,3,2,123808,123637,10609990,10594666,1,0,0,0,0.0,0.0,0.0,0.0,0.0,0.0
1762798621.3332617,1,4294967294,0,0,0,0,0,0,0,0,0.0,0.0,0.0,0.0,0.0,0.0
1762798621.3332617,1,1,589,246539,51810,21129638,0,0,0,0,0.0,0.0,0.0,0.0,0.0,0.0
1762798621.3332617,1,2,123736,123705,10603072,10601024,0,0,0,0,0.0,0.0,0.0,0.0,0.0,0.0
1762798621.3332617,1,3,123525,123907,10585642,10617764,0,0,0,0,0.0,0.0,0.0,0.0,0.0,0.0
1762798621.3332617,2,4294967294,0,0,0,0,0,0,0,0,0.0,0.0,0.0,0.0,0.0,0.0
1762798621.3332617,2,1,591,246470,52006,21123688,0,0,0,0,0.0,0.0,0.0,0.0,0.0,0.0
1762798621.3332617,2,2,123705,123736,10601024,10603072,1,0,0,0,0.0,0.0,0.0,0.0,0.0,0.0
1762798621.3332617,2,3,123637,123808,10594666,10609990,0,0,0,0,0.0,0.0,0.0,0.0,0.0,0.0
1762798622.3336382,3,4294967294,0,0,0,0,0,0,0,0,0.0,0.0,0.0,0.0,0.0,0.0
1762798622.3336382,3,1,123907,123525,10617764,10585642,1,0,0,0,0.0,0.0,0.0,0.0,0.0,0.0
1762798622.3336382,3,2,123808,123637,10609990,10594666,1,0,0,0,0.0,0.0,0.0,0.0,0.0,0.0
1762798622.3336382,1,4294967294,0,0,0,0,0,0,0,0,0.0,0.0,0.0,0.0,0.0,0.0
1762798622.3336382,1,1,589,246539,51810,21129638,0,0,0,0,0.0,0.0,0.0,0.0,0.0,0.0
1762798622.3336382,1,2,123736,123705,10603072,10601024,0,0,0,0,0.0,0.0,0.0,0.0,0.0,0.0
1762798622.3336382,1,3,123525,123907,10585642,10617764,0,0,0,0,0.0,0.0,0.0,0.0,0.0,0.0
1762798622.3336382,2,4294967294,0,0,0,0,0,0,0,0,0.0,0.0,0.0,0.0,0.0,0.0
1762798622.3336382,2,1,591,246470,52006,21123688,0,0,0,0,0.0,0.0,0.0,0.0,0.0,0.0
1762798622.3336382,2,2,123705,123736,10601024,10603072,1,0,0,0,0.0,0.0,0.0,0.0,0.0,0.0
1762798622.3336382,2,3,123637,123808,10594666,10609990,0,0,0,0,0.0,0.0,0.0,0.0,0.0,0.0
1762798623.332953,3,4294967294,0,0,0,0,0,0,0,0,0.0,0.0,0.0,0.0,0.0,0.0
1762798623.332953,3,1,126378,125998,10829546,10797628,1,0,0,0,0.0,0.0,0.0,0.0,0.0,0.0
1762798623.332953,3,2,126283,126099,10822060,10805606,1,0,0,0,0.0,0.0,0.0,0.0,0.0,0.0
1762798623.332953,1,4294967294,0,0,0,0,0,0,0,0,0.0,0.0,0.0,0.0,0.0,0.0
1762798623.332953,1,1,596,251466,52436,21551850,0,0,0,0,0.0,0.0,0.0,0.0,0.0,0.0
1762798623.332953,1,2,126209,126173,10815008,10812464,0,0,0,0,0.0,0.0,0.0,0.0,0.0,0.0
1762798623.332953,1,3,125998,126378,10797628,10829546,0,0,0,0,0.0,0.0,0.0,0.0,0.0,0.0
1762798623.332953,2,4294967294,0,0,0,0,0,0,0,0,0.0,0.0,0.0,0.0,0.0,0.0
1762798623.332953,2,1,597,251403,52546,21546470,0,0,0,0,0.0,0.0,0.0,0.0,0.0,0.0
1762798623.332953,2,2,126173,126209,10812464,10815008,1,0,0,0,0.0,0.0,0.0,0.0,0.0,0.0
1762798623.332953,2,3,126099,126283,10805606,10822060,0,0,0,0,0.0,0.0,0.0,0.0,0.0,0.0
1762798624.333647,3,4294967294,0,0,0,0,0,0,0,0,0.0,0.0,0.0,0.0,0.0,0.0
1762798624.333647,3,1,126378,125998,10829546,10797628,1,0,0,0,0.0,0.0,0.0,0.0,0.0,0.0
1762798624.333647,3,2,126283,126099,10822060,10805606,1,0,0,0,0.0,0.0,0.0,0.0,0.0,0.0
1762798624.333647,1,4294967294,0,0,0,0,0,0,0,0,0.0,0.0,0.0,0.0,0.0,0.0
1762798624.333647,1,1,596,251466,52436,21551850,0,0,0,0,0.0,0.0,0.0,0.0,0.0,0.0
1762798624.333647,1,2,126209,126173,10815008,10812464,0,0,0,0,0.0,0.0,0.0,0.0,0.0,0.0
1762798624.333647,1,3,125998,126378,10797628,10829546,0,0,0,0,0.0,0.0,0.0,0.0,0.0,0.0
1762798624.333647,2,4294967294,0,0,0,0,0,0,0,0,0.0,0.0,0.0,0.0,0.0,0.0
1762798624.333647,2,1,597,251403,52546,21546470,0,0,0,0,0.0,0.0,0.0,0.0,0.0,0.0
1762798624.333647,2,2,126173,126209,10812464,10815008,1,0,0,0,0.0,0.0,0.0,0.0,0.0,0.0
1762798624.333647,2,3,126099,126283,10805606,10822060,0,0,0,0,0.0,0.0,0.0,0.0,0.0,0.0
1762798625.3329146,3,4294967294,0,0,0,0,0,0,0,0,0.0,0.0,0.0,0.0,0.0,0.0
1762798625.3329146,3,1,128877,128493,11043664,11011366,1,0,0,0,0.0,0.0,0.0,0.0,0.0,0.0
1762798625.3329146,3,2,128777,128596,11035784,11019590,1,0,0,0,0.0,0.0,0.0,0.0,0.0,0.0
1762798625.3329146,1,4294967294,0,0,0,0,0,0,0,0,0.0,0.0,0.0,0.0,0.0,0.0
1762798625.3329146,1,1,603,256450,53062,21978982,0,0,0,0,0.0,0.0,0.0,0.0,0.0,0.0
1762798625.3329146,1,2,128703,128663,11028668,11025830,0,0,0,0,0.0,0.0,0.0,0.0,0.0,0.0
1762798625.3329146,1,3,128493,128877,11011366,11043664,0,0,0,0,0.0,0.0,0.0,0.0,0.0,0.0
1762798625.3329146,2,4294967294,0,0,0,0,0,0,0,0,0.0,0.0,0.0,0.0,0.0,0.0
1762798625.3329146,2,1,605,256381,53258,21973048,0,0,0,0,0.0,0.0,0.0,0.0,0.0,0.0
1762798625.3329146,2,2,128663,128703,11025830,11028668,1,0,0,0,0.0,0.0,0.0,0.0,0.0,0.0
1762798625.3329146,2,3,128596,128777,11019590,11035784,0,0,0,0,0.0,0.0,0.0,0.0,0.0,0.0
1762798626.332872,3,4294967294,0,0,0,0,0,0,0,0,0.0,0.0,0.0,0.0,0.0,0.0
1762798626.332872,3,1,128877,128493,11043664,11011366,1,0,0,0,0.0,0.0,0.0,0.0,0.0,0.0
1762798626.332872,3,2,128777,128596,11035784,11019590,1,0,0,0,0.0,0.0,0.0,0.0,0.0,0.0
1762798626.332872,1,4294967294,0,0,0,0,0,0,0,0,0.0,0.0,0.0,0.0,0.0,0.0
1762798626.332872,1,1,603,256450,53062,21978982,0,0,0,0,0.0,0.0,0.0,0.0,0.0,0.0
1762798626.332872,1,2,128703,128663,11028668,11025830,0,0,0,0,0.0,0.0,0.0,0.0,0.0,0.0
1762798626.332872,1,3,128493,128877,11011366,11043664,0,0,0,0,0.0,0.0,0.0,0.0,0.0,0.0
1762798626.332872,2,4294967294,0,0,0,0,0,0,0,0,0.0,0.0,0.0,0.0,0.0,0.0
1762798626.332872,2,1,605,256381,53258,21973048,0,0,0,0,0.0,0.0,0.0,0.0,0.0,0.0
1762798626.332872,2,2,128663,128703,11025830,11028668,1,0,0,0,0.0,0.0,0.0,0.0,0.0,0.0
1762798626.332872,2,3,128596,128777,11019590,11035784,0,0,0,0,0.0,0.0,0.0,0.0,0.0,0.0
1762798627.332871,3,4294967294,0,0,0,0,0,0,0,0,0.0,0.0,0.0,0.0,0.0,0.0
1762798627.332871,3,1,131427,131038,11262178,11229518,1,0,0,0,0.0,0.0,0.0,0.0,0.0,0.0
1762798627.332871,3,2,131324,131143,11254076,11237808,1,0,0,0,0.0,0.0,0.0,0.0,0.0,0.0
1762798627.332871,1,4294967294,0,0,0,0,0,0,0,0,0.0,0.0,0.0,0.0,0.0,0.0
1762798627.332871,1,1,610,261530,53688,22414298,0,0,0,0,0.0,0.0,0.0,0.0,0.0,0.0
1762798627.332871,1,2,131247,131209,11246712,11243946,0,0,0,0,0.0,0.0,0.0,0.0,0.0,0.0
1762798627.332871,1,3,131038,131427,11229518,11262178,0,0,0,0,0.0,0.0,0.0,0.0,0.0,0.0
1762798627.332871,2,4294967294,0,0,0,0,0,0,0,0,0.0,0.0,0.0,0.0,0.0,0.0
1762798627.332871,2,1,611,261461,53798,22408484,0,0,0,0,0.0,0.0,0.0,0.0,0.0,0.0
1762798627.332871,2,2,131209,131247,11243946,11246712,1,0,0,0,0.0,0.0,0.0,0.0,0.0,0.0
1762798627.332871,2,3,131143,131324,11237808,11254076,0,0,0,0,0.0,0.0,0.0,0.0,0.0,0.0
1762798628.3336377,3,4294967294,0,0,0,0,0,0,0,0,0.0,0.0,0.0,0.0,0.0,0.0
1762798628.3336377,3,1,131427,131038,11262178,11229518,1,0,0,0,0.0,0.0,0.0,0.0,0.0,0.0
1762798628.3336377,3,2,131324,131143,11254076,11237808,1,0,0,0,0.0,0.0,0.0,0.0,0.0,0.0
1762798628.3336377,1,4294967294,0,0,0,0,0,0,0,0,0.0,0.0,0.0,0.0,0.0,0.0
1762798628.3336377,1,1,610,261530,53688,22414298,0,0,0,0,0.0,0.0,0.0,0.0,0.0,0.0
1762798628.3336377,1,2,131247,131209,11246712,11243946,0,0,0,0,0.0,0.0,0.0,0.0,0.0,0.0
1762798628.3336377,1,3,131038,131427,11229518,11262178,0,0,0,0,0.0,0.0,0.0,0.0,0.0,0.0
1762798628.3336377,2,4294967294,0,0,0,0,0,0,0,0,0.0,0.0,0.0,0.0,0.0,0.0
1762798628.3336377,2,1,611,261461,53798,22408484,0,0,0,0,0.0,0.0,0.0,0.0,0.0,0.0
1762798628.3336377,2,2,131209,131247,11243946,11246712,1,0,0,0,0.0,0.0,0.0,0.0,0.0,0.0
1762798628.3336377,2,3,131143,131324,11237808,11254076,0,0,0,0,0.0,0.0,0.0,0.0,0.0,0.0
1762798629.3334484,3,4294967294,0,0,0,0,0,0,0,0,0.0,0.0,0.0,0.0,0.0,0.0
1762798629.3334484,3,1,133980,133588,11481060,11447986,1,0,0,0,0.0,0.0,0.0,0.0,0.0,0.0
1762798629.3334484,3,2,133876,133692,11472716,11456282,1,0,0,0,0.0,0.0,0.0,0.0,0.0,0.0
1762798629.3334484,1,4294967294,0,0,0,0,0,0,0,0,0.0,0.0,0.0,0.0,0.0,0.0
1762798629.3334484,1,1,616,266618,54228,22850498,0,0,0,0,0.0,0.0,0.0,0.0,0.0,0.0
1762798629.3334484,1,2,133793,133757,11464820,11462342,0,0,0,0,0.0,0.0,0.0,0.0,0.0,0.0
1762798629.3334484,1,3,133588,133980,11447986,11481060,0,0,0,0,0.0,0.0,0.0,0.0,0.0,0.0
1762798629.3334484,2,4294967294,0,0,0,0,0,0,0,0,0.0,0.0,0.0,0.0,0.0,0.0
1762798629.3334484,2,1,619,266551,54510,22844612,0,0,0,0,0.0,0.0,0.0,0.0,0.0,0.0
1762798629.3334484,2,2,133757,133793,11462342,11464820,1,0,0,0,0.0,0.0,0.0,0.0,0.0,0.0
1762798629.3334484,2,3,133692,133876,11456282,11472716,0,0,0,0,0.0,0.0,0.0,0.0,0.0,0.0
1762798630.3336244,3,4294967294,0,0,0,0,0,0,0,0,0.0,0.0,0.0,0.0,0.0,0.0
1762798630.3336244,3,1,133980,133588,11481060,11447986,1,0,0,0,0.0,0.0,0.0,0.0,0.0,0.0
1762798630.3336244,3,2,133876,133692,11472716,11456282,1,0,0,0,0.0,0.0,0.0,0.0,0.0,0.0
1762798630.3336244,1,4294967294,0,0,0,0,0,0,0,0,0.0,0.0,0.0,0.0,0.0,0.0
1762798630.3336244,1,1,616,266618,54228,22850498,0,0,0,0,0.0,0.0,0.0,0.0,0.0,0.0
1762798630.3336244,1,2,133793,133757,11464820,11462342,0,0,0,0,0.0,0.0,0.0,0.0,0.0,0.0
1762798630.3336244,1,3,133588,133980,11447986,11481060,0,0,0,0,0.0,0.0,0.0,0.0,0.0,0.0
1762798630.3336244,2,4294967294,0,0,0,0,0,0,0,0,0.0,0.0,0.0,0.0,0.0,0.0
1762798630.3336244,2,1,619,266551,54510,22844612,0,0,0,0,0.0,0.0,0.0,0.0,0.0,0.0
1762798630.3336244,2,2,133757,133793,11462342,11464820,1,0,0,0,0.0,0.0,0.0,0.0,0.0,0.0
1762798630.3336244,2,3,133692,133876,11456282,11472716,0,0,0,0,0.0,0.0,0.0,0.0,0.0,0.0
1762798631.3330593,3,4294967294,0,0,0,0,0,0,0,0,0.0,0.0,0.0,0.0,0.0,0.0
1762798631.3330593,3,1,136550,136159,11701280,11668368,1,0,0,0,0.0,0.0,0.0,0.0,0.0,0.0
1762798631.3330593,3,2,136447,136255,11693114,11675884,1,0,0,0,0.0,0.0,0.0,0.0,0.0,0.0
1762798631.3330593,1,4294967294,0,0,0,0,0,0,0,0,0.0,0.0,0.0,0.0,0.0,0.0
1762798631.3330593,1,1,624,271747,54940,23290016,0,0,0,0,0.0,0.0,0.0,0.0,0.0,0.0
1762798631.3330593,1,2,136366,136330,11685342,11682780,0,0,0,0,0.0,0.0,0.0,0.0,0.0,0.0
1762798631.3330593,1,3,136159,136550,11668368,11701280,0,0,0,0,0.0,0.0,0.0,0.0,0.0,0.0
1762798631.3330593,2,4294967294,0,0,0,0,0,0,0,0,0.0,0.0,0.0,0.0,0.0,0.0
1762798631.3330593,2,1,625,271678,55050,23284122,0,0,0,0,0.0,0.0,0.0,0.0,0.0,0.0
1762798631.3330593,2,2,136330,136366,11682780,11685342,1,0,0,0,0.0,0.0,0.0,0.0,0.0,0.0
1762798631.3330593,2,3,136255,136447,11675884,11693114,0,0,0,0,0.0,0.0,0.0,0.0,0.0,0.0
1762798632.3328898,3,4294967294,0,0,0,0,0,0,0,0,0.0,0.0,0.0,0.0,0.0,0.0
1762798632.3328898,3,1,136550,136159,11701280,11668368,1,0,0,0,0.0,0.0,0.0,0.0,0.0,0.0
1762798632.3328898,3,2,136447,136255,11693114,11675884,1,0,0,0,0.0,0.0,0.0,0.0,0.0,0.0
1762798632.3328898,1,4294967294,0,0,0,0,0,0,0,0,0.0,0.0,0.0,0.0,0.0,0.0
1762798632.3328898,1,1,624,271747,54940,23290016,0,0,0,0,0.0,0.0,0.0,0.0,0.0,0.0
1762798632.3328898,1,2,136366,136330,11685342,11682780,0,0,0,0,0.0,0.0,0.0,0.0,0.0,0.0
1762798632.3328898,1,3,136159,136550,11668368,11701280,0,0,0,0,0.0,0.0,0.0,0.0,0.0,0.0
1762798632.3328898,2,4294967294,0,0,0,0,0,0,0,0,0.0,0.0,0.0,0.0,0.0,0.0
1762798632.3328898,2,1,625,271678,55050,23284122,0,0,0,0,0.0,0.0,0.0,0.0,0.0,0.0
1762798632.3328898,2,2,136330,136366,11682780,11685342,1,0,0,0,0.0,0.0,0.0,0.0,0.0,0.0
1762798632.3328898,2,3,136255,136447,11675884,11693114,0,0,0,0,0.0,0.0,0.0,0.0,0.0,0.0
1762798633.3327157,3,4294967294,0,0,0,0,0,0,0,0,0.0,0.0,0.0,0.0,0.0,0.0
1762798633.3327157,3,1,139119,138719,11921498,11887772,1,0,0,0,0.0,0.0,0.0,0.0,0.0,0.0
1762798633.3327157,3,2,139019,138822,11913474,11895922,1,0,0,0,0.0,0.0,0.0,0.0,0.0,0.0
1762798633.3327157,1,4294967294,0,0,0,0,0,0,0,0,0.0,0.0,0.0,0.0,0.0,0.0
1762798633.3327157,1,1,630,276865,55480,23728758,0,0,0,0,0.0,0.0,0.0,0.0,0.0,0.0
1762798633.3327157,1,2,138928,138888,11904800,11902052,0,0,0,0,0.0,0.0,0.0,0.0,0.0,0.0
1762798633.3327157,1,3,138719,139119,11887772,11921498,0,0,0,0,0.0,0.0,0.0,0.0,0.0,0.0
1762798633.3327157,2,4294967294,0,0,0,0,0,0,0,0,0.0,0.0,0.0,0.0,0.0,0.0
1762798633.3327157,2,1,633,276796,55762,23722632,0,0,0,0,0.0,0.0,0.0,0.0,0.0,0.0
1762798633.3327157,2,2,138888,138928,11902052,11904800,1,0,0,0,0.0,0.0,0.0,0.0,0.0,0.0
1762798633.3327157,2,3,138822,139019,11895922,11913474,0,0,0,0,0.0,0.0,0.0,0.0,0.0,0.0
1762798634.333202,3,4294967294,0,0,0,0,0,0,0,0,0.0,0.0,0.0,0.0,0.0,0.0
1762798634.333202,3,1,139119,138719,11921498,11887772,1,0,0,0,0.0,0.0,0.0,0.0,0.0,0.0
1762798634.333202,3,2,139019,138822,11913474,11895922,1,0,0,0,0.0,0.0,0.0,0.0,0.0,0.0
1762798634.333202,1,4294967294,0,0,0,0,0,0,0,0,0.0,0.0,0.0,0.0,0.0,0.0
1762798634.333202,1,1,630,276865,55480,23728758,0,0,0,0,0.0,0.0,0.0,0.0,0.0,0.0
1762798634.333202,1,2,138928,138888,11904800,11902052,0,0,0,0,0.0,0.0,0.0,0.0,0.0,0.0
1762798634.333202,1,3,138719,139119,11887772,11921498,0,0,0,0,0.0,0.0,0.0,0.0,0.0,0.0
1762798634.333202,2,4294967294,0,0,0,0,0,0,0,0,0.0,0.0,0.0,0.0,0.0,0.0
1762798634.333202,2,1,633,276796,55762,23722632,0,0,0,0,0.0,0.0,0.0,0.0,0.0,0.0
1762798634.333202,2,2,138888,138928,11902052,11904800,1,0,0,0,0.0,0.0,0.0,0.0,0.0,0.0
1762798634.333202,2,3,138822,139019,11895922,11913474,0,0,0,0,0.0,0.0,0.0,0.0,0.0,0.0
1762798635.3328993,3,4294967294,0,0,0,0,0,0,0,0,0.0,0.0,0.0,0.0,0.0,0.0
1762798635.3328993,3,1,141648,141248,12138124,12104444,1,0,0,0,0.0,0.0,0.0,0.0,0.0,0.0
1762798635.3328993,3,2,141544,141350,12129952,12112600,1,0,0,0,0.0,0.0,0.0,0.0,0.0,0.0
1762798635.3328993,1,4294967294,0,0,0,0,0,0,0,0,0.0,0.0,0.0,0.0,0.0,0.0
1762798635.3328993,1,1,636,281912,56008,24161180,0,0,0,0,0.0,0.0,0.0,0.0,0.0,0.0
1762798635.3328993,1,2,141457,141415,12121514,12118544,0,0,0,0,0.0,0.0,0.0,0.0,0.0,0.0
1762798635.3328993,1,3,141248,141648,12104444,12138124,0,0,0,0,0.0,0.0,0.0,0.0,0.0,0.0
1762798635.3328993,2,4294967294,0,0,0,0,0,0,0,0,0.0,0.0,0.0,0.0,0.0,0.0
1762798635.3328993,2,1,638,281843,56204,24155274,0,0,0,0,0.0,0.0,0.0,0.0,0.0,0.0
1762798635.3328993,2,2,141415,141457,12118544,12121514,1,0,0,0,0.0,0.0,0.0,0.0,0.0,0.0
1762798635.3328993,2,3,141350,141544,12112600,12129952,0,0,0,0,0.0,0.0,0.0,0.0,0.0,0.0
1762798636.3332427,3,4294967294,0,0,0,0,0,0,0,0,0.0,0.0,0.0,0.0,0.0,0.0
1762798636.3332427,3,1,141648,141248,12138124,12104444,1,0,0,0,0.0,0.0,0.0,0.0,0.0,0.0
1762798636.3332427,3,2,141544,141350,12129952,12112600,1,0,0,0,0.0,0.0,0.0,0.0,0.0,0.0
1762798636.3332427,1,4294967294,0,0,0,0,0,0,0,0,0.0,0.0,0.0,0.0,0.0,0.0
1762798636.3332427,1,1,636,281912,56008,24161180,0,0,0,0,0.0,0.0,0.0,0.0,0.0,0.0
1762798636.3332427,1,2,141457,141415,12121514,12118544,0,0,0,0,0.0,0.0,0.0,0.0,0.0,0.0
1762798636.3332427,1,3,141248,141648,12104444,12138124,0,0,0,0,0.0,0.0,0.0,0.0,0.0,0.0
1762798636.3332427,2,4294967294,0,0,0,0,0,0,0,0,0.0,0.0,0.0,0.0,0.0,0.0
1762798636.3332427,2,1,638,281843,56204,24155274,0,0,0,0,0.0,0.0,0.0,0.0,0.0,0.0
1762798636.3332427,2,2,141415,141457,12118544,12121514,1,0,0,0,0.0,0.0,0.0,0.0,0.0,0.0
1762798636.3332427,2,3,141350,141544,12112600,12129952,0,0,0,0,0.0,0.0,0.0,0.0,0.0,0.0
1762798637.3336399,3,4294967294,0,0,0,0,0,0,0,0,0.0,0.0,0.0,0.0,0.0,0.0
1762798637.3336399,3,1,144217,143812,12358276,12324288,1,0,0,0,0.0,0.0,0.0,0.0,0.0,0.0
1762798637.3336399,3,2,144113,143913,12350112,12332170,1,0,0,0,0.0,0.0,0.0,0.0,0.0,0.0
1762798637.3336399,1,4294967294,0,0,0,0,0,0,0,0,0.0,0.0,0.0,0.0,0.0,0.0
1762798637.3336399,1,1,643,287029,56634,24599770,0,0,0,0,0.0,0.0,0.0,0.0,0.0,0.0
1762798637.3336399,1,2,144017,143975,12340958,12337920,0,0,0,0,0.0,0.0,0.0,0.0,0.0,0.0
1762798637.3336399,1,3,143812,144217,12324288,12358276,0,0,0,0,0.0,0.0,0.0,0.0,0.0,0.0
1762798637.3336399,2,4294967294,0,0,0,0,0,0,0,0,0.0,0.0,0.0,0.0,0.0,0.0
1762798637.3336399,2,1,644,286960,56744,24593892,0,0,0,0,0.0,0.0,0.0,0.0,0.0,0.0
1762798637.3336399,2,2,143975,144017,12337920,12340958,1,0,0,0,0.0,0.0,0.0,0.0,0.0,0.0
1762798637.3336399,2,3,143913,144113,12332170,12350112,0,0,0,0,0.0,0.0,0.0,0.0,0.0,0.0
1762798638.3336635,3,4294967294,0,0,0,0,0,0,0,0,0.0,0.0,0.0,0.0,0.0,0.0
1762798638.3336635,3,1,144217,143812,12358276,12324288,1,0,0,0,0.0,0.0,0.0,0.0,0.0,0.0
1762798638.3336635,3,2,144113,143913,12350112,12332170,1,0,0,0,0.0,0.0,0.0,0.0,0.0,0.0
1762798638.3336635,1,4294967294,0,0,0,0,0,0,0,0,0.0,0.0,0.0,0.0,0.0,0.0
1762798638.3336635,1,1,643,287029,56634,24599770,0,0,0,0,0.0,0.0,0.0,0.0,0.0,0.0
1762798638.3336635,1,2,144017,143975,12340958,12337920,0,0,0,0,0.0,0.0,0.0,0.0,0.0,0.0
1762798638.3336635,1,3,143812,144217,12324288,12358276,0,0,0,0,0.0,0.0,0.0,0.0,0.0,0.0
1762798638.3336635,2,4294967294,0,0,0,0,0,0,0,0,0.0,0.0,0.0,0.0,0.0,0.0
1762798638.3336635,2,1,644,286960,56744,24593892,0,0,0,0,0.0,0.0,0.0,0.0,0.0,0.0
1762798638.3336635,2,2,143975,144017,12337920,12340958,1,0,0,0,0.0,0.0,0.0,0.0,0.0,0.0
1762798638.3336635,2,3,143913,144113,12332170,12350112,0,0,0,0,0.0,0.0,0.0,0.0,0.0,0.0
1762798639.3336365,3,4294967294,0,0,0,0,0,0,0,0,0.0,0.0,0.0,0.0,0.0,0.0
1762798639.3336365,3,1,146777,146367,12577696,12543210,1,0,0,0,0.0,0.0,0.0,0.0,0.0,0.0
1762798639.3336365,3,2,146668,146465,12569018,12550854,1,0,0,0,0.0,0.0,0.0,0.0,0.0,0.0
1762798639.3336365,1,4294967294,0,0,0,0,0,0,0,0,0.0,0.0,0.0,0.0,0.0,0.0
1762798639.3336365,1,1,649,292127,57174,25036778,0,0,0,0,0.0,0.0,0.0,0.0,0.0,0.0
1762798639.3336365,1,2,146572,146527,12559784,12556660,0,0,0,0,0.0,0.0,0.0,0.0,0.0,0.0
1762798639.3336365,1,3,146367,146777,12543210,12577696,0,0,0,0,0.0,0.0,0.0,0.0,0.0,0.0
1762798639.3336365,2,4294967294,0,0,0,0,0,0,0,0,0.0,0.0,0.0,0.0,0.0,0.0
1762798639.3336365,2,1,652,292060,57456,25030864,0,0,0,0,0.0,0.0,0.0,0.0,0.0,0.0
1762798639.3336365,2,2,146527,146572,12556660,12559784,1,0,0,0,0.0,0.0,0.0,0.0,0.0,0.0
1762798639.3336365,2,3,146465,146668,12550854,12569018,0,0,0,0,0.0,0.0,0.0,0.0,0.0,0.0
1762798640.3336432,3,4294967294,0,0,0,0,0,0,0,0,0.0,0.0,0.0,0.0,0.0,0.0
1762798640.3336432,3,1,146777,146367,12577696,12543210,1,0,0,0,0.0,0.0,0.0,0.0,0.0,0.0
1762798640.3336432,3,2,146668,146465,12569018,12550854,1,0,0,0,0.0,0.0,0.0,0.0,0.0,0.0
1762798640.3336432,1,4294967294,0,0,0,0,0,0,0,0,0.0,0.0,0.0,0.0,0.0,0.0
1762798640.3336432,1,1,649,292127,57174,25036778,0,0,0,0,0.0,0.0,0.0,0.0,0.0,0.0
1762798640.3336432,1,2,146572,146527,12559784,12556660,0,0,0,0,0.0,0.0,0.0,0.0,0.0,0.0
1762798640.3336432,1,3,146367,146777,12543210,12577696,0,0,0,0,0.0,0.0,0.0,0.0,0.0,0.0
1762798640.3336432,2,4294967294,0,0,0,0,0,0,0,0,0.0,0.0,0.0,0.0,0.0,0.0
1762798640.3336432,2,1,652,292060,57456,25030864,0,0,0,0,0.0,0.0,0.0,0.0,0.0,0.0
1762798640.3336432,2,2,146527,146572,12556660,12559784,1,0,0,0,0.0,0.0,0.0,0.0,0.0,0.0
1762798640.3336432,2,3,146465,146668,12550854,12569018,0,0,0,0,0.0,0.0,0.0,0.0,0.0,0.0
1762798641.3332598,3,4294967294,0,0,0,0,0,0,0,0,0.0,0.0,0.0,0.0,0.0,0.0
1762798641.3332598,3,1,149338,148914,12797078,12761472,1,0,0,0,0.0,0.0,0.0,0.0,0.0,0.0
1762798641.3332598,3,2,149225,149028,12788228,12770532,1,0,0,0,0.0,0.0,0.0,0.0,0.0,0.0
1762798641.3332598,1,4294967294,0,0,0,0,0,0,0,0,0.0,0.0,0.0,0.0,0.0,0.0
1762798641.3332598,1,1,657,297231,57886,25474052,0,0,0,0,0.0,0.0,0.0,0.0,0.0,0.0
1762798641.3332598,1,2,149132,149080,12779116,12775402,0,0,0,0,0.0,0.0,0.0,0.0,0.0,0.0
1762798641.3332598,1,3,148914,149338,12761472,12797078,0,0,0,0,0.0,0.0,0.0,0.0,0.0,0.0
1762798641.3332598,2,4294967294,0,0,0,0,0,0,0,0,0.0,0.0,0.0,0.0,0.0,0.0
1762798641.3332598,2,1,658,297161,57996,25468066,0,0,0,0,0.0,0.0,0.0,0.0,0.0,0.0
1762798641.3332598,2,2,149080,149132,12775402,12779116,1,0,0,0,0.0,0.0,0.0,0.0,0.0,0.0
1762798641.3332598,2,3,149028,149225,12770532,12788228,0,0,0,0,0.0,0.0,0.0,0.0,0.0,0.0
1762798642.3336327,3,4294967294,0,0,0,0,0,0,0,0,0.0,0.0,0.0,0.0,0.0,0.0
1762798642.3336327,3,1,149338,148914,12797078,12761472,1,0,0,0,0.0,0.0,0.0,0.0,0.0,0.0
1762798642.3336327,3,2,149225,149028,12788228,12770532,1,0,0,0,0.0,0.0,0.0,0.0,0.0,0.0
1762798642.3336327,1,4294967294,0,0,0,0,0,0,0,0,0.0,0.0,0.0,0.0,0.0,0.0
1762798642.3336327,1,1,657,297231,57886,25474052,0,0,0,0,0.0,0.0,0.0,0.0,0.0,0.0
1762798642.3336327,1,2,149132,149080,12779116,12775402,0,0,0,0,0.0,0.0,0.0,0.0,0.0,0.0
1762798642.3336327,1,3,148914,149338,12761472,12797078,0,0,0,0,0.0,0.0,0.0,0.0,0.0,0.0
1762798642.3336327,2,4294967294,0,0,0,0,0,0,0,0,0.0,0.0,0.0,0.0,0.0,0.0
1762798642.3336327,2,1,658,297161,57996,25468066,0,0,0,0,0.0,0.0,0.0,0.0,0.0,0.0
1762798642.3336327,2,2,149080,149132,12775402,12779116,1,0,0,0,0.0,0.0,0.0,0.0,0.0,0.0
1762798642.3336327,2,3,149028,149225,12770532,12788228,0,0,0,0,0.0,0.0,0.0,0.0,0.0,0.0
